x,y,theta
0.000000000000000000e+00,0.000000000000000000e+00,-1.617920780527240421e+00
1.000000000000000000e+00,0.000000000000000000e+00,-2.075793959602964645e+00
2.000000000000000000e+00,0.000000000000000000e+00,-2.671273753295111852e+00
3.000000000000000000e+00,0.000000000000000000e+00,-2.644337800581291642e+00
4.000000000000000000e+00,0.000000000000000000e+00,2.799898205423243525e+00
5.000000000000000000e+00,0.000000000000000000e+00,2.419563114945873394e+00
6.000000000000000000e+00,0.000000000000000000e+00,2.422779328176630997e+00
7.000000000000000000e+00,0.000000000000000000e+00,2.504433434055722607e+00
8.000000000000000000e+00,0.000000000000000000e+00,2.994723281767718071e+00
9.000000000000000000e+00,0.000000000000000000e+00,-1.767163519804507477e+00
1.000000000000000000e+01,0.000000000000000000e+00,-4.872231985803887611e-01
1.100000000000000000e+01,0.000000000000000000e+00,-2.448802850857139113e-01
1.200000000000000000e+01,0.000000000000000000e+00,4.022675570407097112e-01
1.300000000000000000e+01,0.000000000000000000e+00,-1.528658188205485047e-01
1.400000000000000000e+01,0.000000000000000000e+00,-1.705497955330981252e+00
1.500000000000000000e+01,0.000000000000000000e+00,3.084940774884607606e+00
1.600000000000000000e+01,0.000000000000000000e+00,3.567081849033924001e-01
1.700000000000000000e+01,0.000000000000000000e+00,-3.550326754015964426e-01
1.800000000000000000e+01,0.000000000000000000e+00,-2.294759948178771047e+00
1.900000000000000000e+01,0.000000000000000000e+00,5.772740111051906098e-01
2.000000000000000000e+01,0.000000000000000000e+00,1.156967931049495135e+00
2.100000000000000000e+01,0.000000000000000000e+00,1.053304643643150129e+00
2.200000000000000000e+01,0.000000000000000000e+00,-3.051149262726330136e+00
2.300000000000000000e+01,0.000000000000000000e+00,2.635406786455217087e+00
2.400000000000000000e+01,0.000000000000000000e+00,2.403291182630547418e+00
2.500000000000000000e+01,0.000000000000000000e+00,2.307250547747124791e+00
2.600000000000000000e+01,0.000000000000000000e+00,-1.415202139646392077e-01
2.700000000000000000e+01,0.000000000000000000e+00,4.204787353826153762e-01
2.800000000000000000e+01,0.000000000000000000e+00,-3.334552130931784930e-01
2.900000000000000000e+01,0.000000000000000000e+00,8.707650865933658224e-01
3.000000000000000000e+01,0.000000000000000000e+00,6.311283343987250660e-01
3.100000000000000000e+01,0.000000000000000000e+00,-1.200264550505245609e-01
5.000000000000000000e-01,8.660254037844385966e-01,-1.687630229128236792e+00
1.500000000000000000e+00,8.660254037844385966e-01,-2.376590367236212309e+00
2.500000000000000000e+00,8.660254037844385966e-01,2.756312300009247096e+00
3.500000000000000000e+00,8.660254037844385966e-01,2.564984061934868720e+00
4.500000000000000000e+00,8.660254037844385966e-01,2.338805069236816081e+00
5.500000000000000000e+00,8.660254037844385966e-01,1.341772807864273886e+00
6.500000000000000000e+00,8.660254037844385966e-01,2.491550463003569860e+00
7.500000000000000000e+00,8.660254037844385966e-01,2.603232332620683209e+00
8.500000000000000000e+00,8.660254037844385966e-01,-1.774944791153538315e+00
9.500000000000000000e+00,8.660254037844385966e-01,-1.960907992927858778e+00
1.050000000000000000e+01,8.660254037844385966e-01,-2.216088537339891307e+00
1.150000000000000000e+01,8.660254037844385966e-01,1.909959856637826192e+00
1.250000000000000000e+01,8.660254037844385966e-01,-9.650573014006322836e-01
1.350000000000000000e+01,8.660254037844385966e-01,1.620687655111951564e+00
1.450000000000000000e+01,8.660254037844385966e-01,5.037264895474020676e-01
1.550000000000000000e+01,8.660254037844385966e-01,1.065986455588189941e+00
1.650000000000000000e+01,8.660254037844385966e-01,9.296888155096976192e-01
1.750000000000000000e+01,8.660254037844385966e-01,-1.248735744623883148e+00
1.850000000000000000e+01,8.660254037844385966e-01,-1.766279376730973460e+00
1.950000000000000000e+01,8.660254037844385966e-01,1.200560030627391583e+00
2.050000000000000000e+01,8.660254037844385966e-01,-4.190081165691204035e-01
2.150000000000000000e+01,8.660254037844385966e-01,4.607644458066615378e-01
2.250000000000000000e+01,8.660254037844385966e-01,1.196263231765103185e+00
2.350000000000000000e+01,8.660254037844385966e-01,2.265052096159533512e+00
2.450000000000000000e+01,8.660254037844385966e-01,3.058059865309953551e+00
2.550000000000000000e+01,8.660254037844385966e-01,2.976890061100932350e+00
2.650000000000000000e+01,8.660254037844385966e-01,-4.361282375862121086e-01
2.750000000000000000e+01,8.660254037844385966e-01,-1.462149718041541036e+00
2.850000000000000000e+01,8.660254037844385966e-01,1.069588304684092606e+00
2.950000000000000000e+01,8.660254037844385966e-01,7.973280041801751317e-01
3.050000000000000000e+01,8.660254037844385966e-01,8.653280867178096969e-01
3.150000000000000000e+01,8.660254037844385966e-01,-1.096883869505346887e+00
0.000000000000000000e+00,1.732050807568877193e+00,-2.469342382665264957e+00
1.000000000000000000e+00,1.732050807568877193e+00,-1.912360607987462213e+00
2.000000000000000000e+00,1.732050807568877193e+00,2.436531325086670030e+00
3.000000000000000000e+00,1.732050807568877193e+00,-2.755068497298396757e+00
4.000000000000000000e+00,1.732050807568877193e+00,-1.496828610512358271e+00
5.000000000000000000e+00,1.732050807568877193e+00,2.965068759588579184e+00
6.000000000000000000e+00,1.732050807568877193e+00,-1.878799733837547059e+00
7.000000000000000000e+00,1.732050807568877193e+00,-6.001120748797670323e-01
8.000000000000000000e+00,1.732050807568877193e+00,-3.988599051607959467e-01
9.000000000000000000e+00,1.732050807568877193e+00,-3.680466017159256253e-02
1.000000000000000000e+01,1.732050807568877193e+00,-1.586913272258842156e+00
1.100000000000000000e+01,1.732050807568877193e+00,-2.894938259672768410e+00
1.200000000000000000e+01,1.732050807568877193e+00,-2.182224323228579621e+00
1.300000000000000000e+01,1.732050807568877193e+00,-2.612364499477058288e+00
1.400000000000000000e+01,1.732050807568877193e+00,1.246200163630537538e-01
1.500000000000000000e+01,1.732050807568877193e+00,1.420123824008062030e+00
1.600000000000000000e+01,1.732050807568877193e+00,-2.968656529833565649e+00
1.700000000000000000e+01,1.732050807568877193e+00,-3.137647271427363105e+00
1.800000000000000000e+01,1.732050807568877193e+00,-2.297181933974413059e+00
1.900000000000000000e+01,1.732050807568877193e+00,3.021370691667022435e-01
2.000000000000000000e+01,1.732050807568877193e+00,5.343970153037949089e-01
2.100000000000000000e+01,1.732050807568877193e+00,1.100822391989078497e+00
2.200000000000000000e+01,1.732050807568877193e+00,1.342974673878942760e+00
2.300000000000000000e+01,1.732050807568877193e+00,1.601225057546709962e+00
2.400000000000000000e+01,1.732050807568877193e+00,2.144404440543847379e+00
2.500000000000000000e+01,1.732050807568877193e+00,2.997882575306404895e+00
2.600000000000000000e+01,1.732050807568877193e+00,-2.918844972734135901e+00
2.700000000000000000e+01,1.732050807568877193e+00,2.112620932845958421e+00
2.800000000000000000e+01,1.732050807568877193e+00,1.663516418722075230e+00
2.900000000000000000e+01,1.732050807568877193e+00,2.932941869379682487e+00
3.000000000000000000e+01,1.732050807568877193e+00,-2.856581127640322570e+00
3.100000000000000000e+01,1.732050807568877193e+00,1.392224732525482622e+00
5.000000000000000000e-01,2.598076211353316012e+00,-1.662468058182290598e+00
1.500000000000000000e+00,2.598076211353316012e+00,-2.226076820783803534e+00
2.500000000000000000e+00,2.598076211353316012e+00,-1.884421836317503374e+00
3.500000000000000000e+00,2.598076211353316012e+00,-1.675131916245794717e+00
4.500000000000000000e+00,2.598076211353316012e+00,2.847759506693072318e+00
5.500000000000000000e+00,2.598076211353316012e+00,-1.040638205374603498e+00
6.500000000000000000e+00,2.598076211353316012e+00,-1.446728616722414928e+00
7.500000000000000000e+00,2.598076211353316012e+00,-8.838146414959444641e-01
8.500000000000000000e+00,2.598076211353316012e+00,-1.033713340639630829e+00
9.500000000000000000e+00,2.598076211353316012e+00,-1.395289506966405968e+00
1.050000000000000000e+01,2.598076211353316012e+00,-2.736970806904154951e+00
1.150000000000000000e+01,2.598076211353316012e+00,-2.477097903670093082e+00
1.250000000000000000e+01,2.598076211353316012e+00,-2.144483848974651163e+00
1.350000000000000000e+01,2.598076211353316012e+00,-1.606196118001878226e+00
1.450000000000000000e+01,2.598076211353316012e+00,-8.523197260275026110e-01
1.550000000000000000e+01,2.598076211353316012e+00,-5.060656154645588600e-01
1.650000000000000000e+01,2.598076211353316012e+00,-2.174113299650376252e+00
1.750000000000000000e+01,2.598076211353316012e+00,-2.312153691259905219e+00
1.850000000000000000e+01,2.598076211353316012e+00,-3.102182289704251694e+00
1.950000000000000000e+01,2.598076211353316012e+00,-1.320259895851071619e+00
2.050000000000000000e+01,2.598076211353316012e+00,-1.857991107362293448e-01
2.150000000000000000e+01,2.598076211353316012e+00,9.089854751007004907e-01
2.250000000000000000e+01,2.598076211353316012e+00,1.772810506091985872e+00
2.350000000000000000e+01,2.598076211353316012e+00,1.521823766721598581e+00
2.450000000000000000e+01,2.598076211353316012e+00,2.626130521000488827e+00
2.550000000000000000e+01,2.598076211353316012e+00,-3.033126352643430224e+00
2.650000000000000000e+01,2.598076211353316012e+00,3.054548037908912939e+00
2.750000000000000000e+01,2.598076211353316012e+00,-2.935680528088949082e+00
2.850000000000000000e+01,2.598076211353316012e+00,-3.046083356477371940e+00
2.950000000000000000e+01,2.598076211353316012e+00,-8.927797788022413528e-01
3.050000000000000000e+01,2.598076211353316012e+00,5.099965797769199227e-01
3.150000000000000000e+01,2.598076211353316012e+00,7.240186883616859248e-01
0.000000000000000000e+00,3.464101615137754386e+00,1.182301648355899459e+00
1.000000000000000000e+00,3.464101615137754386e+00,-1.834408847342523075e+00
2.000000000000000000e+00,3.464101615137754386e+00,-1.000473726145500120e+00
3.000000000000000000e+00,3.464101615137754386e+00,5.162779045758361107e-01
4.000000000000000000e+00,3.464101615137754386e+00,3.070741729223335881e+00
5.000000000000000000e+00,3.464101615137754386e+00,-7.733766529620820229e-01
6.000000000000000000e+00,3.464101615137754386e+00,-1.734228677537750896e+00
7.000000000000000000e+00,3.464101615137754386e+00,-2.188188328614852907e+00
8.000000000000000000e+00,3.464101615137754386e+00,3.078844021550039223e+00
9.000000000000000000e+00,3.464101615137754386e+00,-2.154731896899194865e+00
1.000000000000000000e+01,3.464101615137754386e+00,-1.966812361783712326e+00
1.100000000000000000e+01,3.464101615137754386e+00,-1.608413803560398758e+00
1.200000000000000000e+01,3.464101615137754386e+00,-4.914959744266176322e-01
1.300000000000000000e+01,3.464101615137754386e+00,-1.597769189881790064e+00
1.400000000000000000e+01,3.464101615137754386e+00,-2.381317469658927877e-01
1.500000000000000000e+01,3.464101615137754386e+00,4.787138816260791963e-01
1.600000000000000000e+01,3.464101615137754386e+00,3.288560321810427567e-01
1.700000000000000000e+01,3.464101615137754386e+00,-1.388610789222993080e+00
1.800000000000000000e+01,3.464101615137754386e+00,-1.957591926389665060e+00
1.900000000000000000e+01,3.464101615137754386e+00,-1.350045240267155222e+00
2.000000000000000000e+01,3.464101615137754386e+00,-2.259009105163913844e-01
2.100000000000000000e+01,3.464101615137754386e+00,7.976989327005648001e-01
2.200000000000000000e+01,3.464101615137754386e+00,2.599359780212322946e+00
2.300000000000000000e+01,3.464101615137754386e+00,-1.491451078000192609e+00
2.400000000000000000e+01,3.464101615137754386e+00,-3.515326836598653415e-02
2.500000000000000000e+01,3.464101615137754386e+00,-2.368382811101024110e-01
2.600000000000000000e+01,3.464101615137754386e+00,-1.165695905984570402e+00
2.700000000000000000e+01,3.464101615137754386e+00,-1.382284538020584819e+00
2.800000000000000000e+01,3.464101615137754386e+00,-1.518902631483963539e+00
2.900000000000000000e+01,3.464101615137754386e+00,-2.100461637209970700e+00
3.000000000000000000e+01,3.464101615137754386e+00,4.433474627950655389e-01
3.100000000000000000e+01,3.464101615137754386e+00,3.319093191925075459e-01
5.000000000000000000e-01,4.330127018922192761e+00,7.715235349415419108e-01
1.500000000000000000e+00,4.330127018922192761e+00,7.619766458324583880e-02
2.500000000000000000e+00,4.330127018922192761e+00,-1.520624187389379101e+00
3.500000000000000000e+00,4.330127018922192761e+00,-1.832029966836747459e+00
4.500000000000000000e+00,4.330127018922192761e+00,-2.043143095485606242e+00
5.500000000000000000e+00,4.330127018922192761e+00,-2.578611410697078554e+00
6.500000000000000000e+00,4.330127018922192761e+00,-2.096334224335169250e+00
7.500000000000000000e+00,4.330127018922192761e+00,-1.753577938335818320e+00
8.500000000000000000e+00,4.330127018922192761e+00,3.063627556725331047e+00
9.500000000000000000e+00,4.330127018922192761e+00,-1.605202866302364084e+00
1.050000000000000000e+01,4.330127018922192761e+00,-2.644310211432930657e+00
1.150000000000000000e+01,4.330127018922192761e+00,-1.097713242860155702e+00
1.250000000000000000e+01,4.330127018922192761e+00,-2.218738327618186013e-01
1.350000000000000000e+01,4.330127018922192761e+00,-8.902773421992407066e-01
1.450000000000000000e+01,4.330127018922192761e+00,2.191141903443325489e+00
1.550000000000000000e+01,4.330127018922192761e+00,-1.330153685139694453e-01
1.650000000000000000e+01,4.330127018922192761e+00,2.443053486194573409e+00
1.750000000000000000e+01,4.330127018922192761e+00,1.696114748277476991e+00
1.850000000000000000e+01,4.330127018922192761e+00,1.677395971243317518e+00
1.950000000000000000e+01,4.330127018922192761e+00,4.370596558227468620e-02
2.050000000000000000e+01,4.330127018922192761e+00,-6.545788786185036123e-01
2.150000000000000000e+01,4.330127018922192761e+00,2.145468927375779877e+00
2.250000000000000000e+01,4.330127018922192761e+00,-2.143509735327690624e+00
2.350000000000000000e+01,4.330127018922192761e+00,9.208051222129682856e-01
2.450000000000000000e+01,4.330127018922192761e+00,-9.644220793233704292e-01
2.550000000000000000e+01,4.330127018922192761e+00,-2.473988378740332728e-01
2.650000000000000000e+01,4.330127018922192761e+00,-1.331010807698726151e+00
2.750000000000000000e+01,4.330127018922192761e+00,-1.504867960747117150e+00
2.850000000000000000e+01,4.330127018922192761e+00,-1.481276082817308604e+00
2.950000000000000000e+01,4.330127018922192761e+00,-4.840741181305534546e-01
3.050000000000000000e+01,4.330127018922192761e+00,1.917517065927478725e-01
3.150000000000000000e+01,4.330127018922192761e+00,1.662922071164333104e+00
0.000000000000000000e+00,5.196152422706632024e+00,5.670443298338376792e-01
1.000000000000000000e+00,5.196152422706632024e+00,5.845867134645308383e-01
2.000000000000000000e+00,5.196152422706632024e+00,-4.806910942266489073e-01
3.000000000000000000e+00,5.196152422706632024e+00,-2.005467032263718696e+00
4.000000000000000000e+00,5.196152422706632024e+00,-1.815923507619131572e+00
5.000000000000000000e+00,5.196152422706632024e+00,-7.868736785155272528e-01
6.000000000000000000e+00,5.196152422706632024e+00,-1.445243288435735129e+00
7.000000000000000000e+00,5.196152422706632024e+00,-7.613451526177721362e-01
8.000000000000000000e+00,5.196152422706632024e+00,1.399421085278213184e+00
9.000000000000000000e+00,5.196152422706632024e+00,-2.731035151305471587e+00
1.000000000000000000e+01,5.196152422706632024e+00,-4.902435903871751322e-01
1.100000000000000000e+01,5.196152422706632024e+00,-4.681849278424503602e-01
1.200000000000000000e+01,5.196152422706632024e+00,-1.068854532156835013e+00
1.300000000000000000e+01,5.196152422706632024e+00,-1.070812133250522269e+00
1.400000000000000000e+01,5.196152422706632024e+00,-9.065874978961998565e-01
1.500000000000000000e+01,5.196152422706632024e+00,-3.396220938188081462e-01
1.600000000000000000e+01,5.196152422706632024e+00,-7.021033182999962818e-01
1.700000000000000000e+01,5.196152422706632024e+00,-3.209650137392143776e-01
1.800000000000000000e+01,5.196152422706632024e+00,4.276206751352615854e-01
1.900000000000000000e+01,5.196152422706632024e+00,-3.903111545017576844e-01
2.000000000000000000e+01,5.196152422706632024e+00,-1.733373908201478741e-01
2.100000000000000000e+01,5.196152422706632024e+00,1.035255533456370003e+00
2.200000000000000000e+01,5.196152422706632024e+00,1.310344510772036841e+00
2.300000000000000000e+01,5.196152422706632024e+00,6.648134685248336950e-01
2.400000000000000000e+01,5.196152422706632024e+00,3.606655447592923558e-01
2.500000000000000000e+01,5.196152422706632024e+00,-1.330400378045720533e+00
2.600000000000000000e+01,5.196152422706632024e+00,2.814694807392168485e+00
2.700000000000000000e+01,5.196152422706632024e+00,-1.602537410946730079e+00
2.800000000000000000e+01,5.196152422706632024e+00,-4.323612268664640546e-01
2.900000000000000000e+01,5.196152422706632024e+00,2.333994605787927945e-01
3.000000000000000000e+01,5.196152422706632024e+00,1.219615061282864232e+00
3.100000000000000000e+01,5.196152422706632024e+00,2.042378751398697290e+00
5.000000000000000000e-01,6.062177826491070398e+00,3.953194348592958818e-01
1.500000000000000000e+00,6.062177826491070398e+00,7.315659061855495082e-02
2.500000000000000000e+00,6.062177826491070398e+00,6.913911553517411157e-01
3.500000000000000000e+00,6.062177826491070398e+00,-9.699707447097010160e-01
4.500000000000000000e+00,6.062177826491070398e+00,-1.446753907149101348e+00
5.500000000000000000e+00,6.062177826491070398e+00,-5.082571060225395954e-01
6.500000000000000000e+00,6.062177826491070398e+00,-8.275421288068462999e-01
7.500000000000000000e+00,6.062177826491070398e+00,4.387444180626953738e-02
8.500000000000000000e+00,6.062177826491070398e+00,2.061132981623581273e+00
9.500000000000000000e+00,6.062177826491070398e+00,-2.190858583395849379e-01
1.050000000000000000e+01,6.062177826491070398e+00,9.659025070775761890e-03
1.150000000000000000e+01,6.062177826491070398e+00,-1.460114117752082663e+00
1.250000000000000000e+01,6.062177826491070398e+00,-1.017758268206520711e+00
1.350000000000000000e+01,6.062177826491070398e+00,-1.510786890303074559e+00
1.450000000000000000e+01,6.062177826491070398e+00,-6.787653707556420279e-01
1.550000000000000000e+01,6.062177826491070398e+00,-3.477911326924170154e-01
1.650000000000000000e+01,6.062177826491070398e+00,-7.675169003036672599e-01
1.750000000000000000e+01,6.062177826491070398e+00,-1.479237234717190042e+00
1.850000000000000000e+01,6.062177826491070398e+00,-3.251290113209424071e-01
1.950000000000000000e+01,6.062177826491070398e+00,1.206813511076769707e-01
2.050000000000000000e+01,6.062177826491070398e+00,3.753173235773168415e-01
2.150000000000000000e+01,6.062177826491070398e+00,-1.007002055878533753e+00
2.250000000000000000e+01,6.062177826491070398e+00,-1.242966755540716006e+00
2.350000000000000000e+01,6.062177826491070398e+00,-1.133958771262539855e-01
2.450000000000000000e+01,6.062177826491070398e+00,-1.987410667340821169e+00
2.550000000000000000e+01,6.062177826491070398e+00,1.177196251165151253e-01
2.650000000000000000e+01,6.062177826491070398e+00,1.775372130514875302e+00
2.750000000000000000e+01,6.062177826491070398e+00,1.939768745127504523e+00
2.850000000000000000e+01,6.062177826491070398e+00,1.312759316453838920e+00
2.950000000000000000e+01,6.062177826491070398e+00,1.022228752843156840e+00
3.050000000000000000e+01,6.062177826491070398e+00,1.598910979966991164e+00
3.150000000000000000e+01,6.062177826491070398e+00,2.570310364802270264e+00
0.000000000000000000e+00,6.928203230275508773e+00,-1.655226156995320164e+00
1.000000000000000000e+00,6.928203230275508773e+00,-1.389139864434767002e+00
2.000000000000000000e+00,6.928203230275508773e+00,1.869634241906323879e-01
3.000000000000000000e+00,6.928203230275508773e+00,-5.393014707206393865e-01
4.000000000000000000e+00,6.928203230275508773e+00,-6.376536999647939297e-01
5.000000000000000000e+00,6.928203230275508773e+00,-1.902107750305274125e+00
6.000000000000000000e+00,6.928203230275508773e+00,-2.001816521440046515e+00
7.000000000000000000e+00,6.928203230275508773e+00,-8.229552713763177429e-01
8.000000000000000000e+00,6.928203230275508773e+00,-3.054041709663174231e+00
9.000000000000000000e+00,6.928203230275508773e+00,-1.910572738815741189e+00
1.000000000000000000e+01,6.928203230275508773e+00,-2.117902363467676352e-01
1.100000000000000000e+01,6.928203230275508773e+00,-1.273823569941331169e+00
1.200000000000000000e+01,6.928203230275508773e+00,-1.953027242547606512e+00
1.300000000000000000e+01,6.928203230275508773e+00,-1.929010035266288892e+00
1.400000000000000000e+01,6.928203230275508773e+00,-1.195731292844476990e+00
1.500000000000000000e+01,6.928203230275508773e+00,-1.119405733816227322e+00
1.600000000000000000e+01,6.928203230275508773e+00,4.190241186303031995e-01
1.700000000000000000e+01,6.928203230275508773e+00,5.354843547252974290e-02
1.800000000000000000e+01,6.928203230275508773e+00,2.987934759037575994e-01
1.900000000000000000e+01,6.928203230275508773e+00,-1.011906734044307754e-01
2.000000000000000000e+01,6.928203230275508773e+00,-2.977929096275135912e-01
2.100000000000000000e+01,6.928203230275508773e+00,-1.205697953446223547e+00
2.200000000000000000e+01,6.928203230275508773e+00,-1.820191496430901168e+00
2.300000000000000000e+01,6.928203230275508773e+00,-1.197163850945996089e+00
2.400000000000000000e+01,6.928203230275508773e+00,1.100735769462723113e+00
2.500000000000000000e+01,6.928203230275508773e+00,6.847104197614091170e-01
2.600000000000000000e+01,6.928203230275508773e+00,8.257511196719500290e-01
2.700000000000000000e+01,6.928203230275508773e+00,-8.858680212281555555e-02
2.800000000000000000e+01,6.928203230275508773e+00,1.590567426410611773e+00
2.900000000000000000e+01,6.928203230275508773e+00,-2.357528967937680520e+00
3.000000000000000000e+01,6.928203230275508773e+00,-2.131494784860978875e-01
3.100000000000000000e+01,6.928203230275508773e+00,-2.196611864213518839e+00
5.000000000000000000e-01,7.794228634059947147e+00,-1.385184729526377279e+00
1.500000000000000000e+00,7.794228634059947147e+00,-1.869054253116734898e+00
2.500000000000000000e+00,7.794228634059947147e+00,-3.553728634583093182e-01
3.500000000000000000e+00,7.794228634059947147e+00,-8.119366546022241948e-01
4.500000000000000000e+00,7.794228634059947147e+00,-1.497505957170626179e+00
5.500000000000000000e+00,7.794228634059947147e+00,-8.968589325745512930e-01
6.500000000000000000e+00,7.794228634059947147e+00,-7.208576299407765120e-01
7.500000000000000000e+00,7.794228634059947147e+00,-1.112803899781949379e+00
8.500000000000000000e+00,7.794228634059947147e+00,-1.070329753025821784e+00
9.500000000000000000e+00,7.794228634059947147e+00,4.627669131059413132e-01
1.050000000000000000e+01,7.794228634059947147e+00,-1.332503399856805881e+00
1.150000000000000000e+01,7.794228634059947147e+00,-2.083820964877717508e+00
1.250000000000000000e+01,7.794228634059947147e+00,-2.184421331321150461e+00
1.350000000000000000e+01,7.794228634059947147e+00,-1.502779919023303101e+00
1.450000000000000000e+01,7.794228634059947147e+00,-8.977632882377601931e-01
1.550000000000000000e+01,7.794228634059947147e+00,6.043925693248111131e-01
1.650000000000000000e+01,7.794228634059947147e+00,8.042198494921399821e-01
1.750000000000000000e+01,7.794228634059947147e+00,2.153053822249231253e-01
1.850000000000000000e+01,7.794228634059947147e+00,7.649935677522803346e-01
1.950000000000000000e+01,7.794228634059947147e+00,-1.094834212304731214e+00
2.050000000000000000e+01,7.794228634059947147e+00,-6.985989294827996687e-01
2.150000000000000000e+01,7.794228634059947147e+00,-1.731577528666786714e+00
2.250000000000000000e+01,7.794228634059947147e+00,3.089884384647315407e+00
2.350000000000000000e+01,7.794228634059947147e+00,-2.539034140615823443e+00
2.450000000000000000e+01,7.794228634059947147e+00,-4.805409528396600294e-01
2.550000000000000000e+01,7.794228634059947147e+00,1.604228149995276631e+00
2.650000000000000000e+01,7.794228634059947147e+00,-2.171756024743953795e+00
2.750000000000000000e+01,7.794228634059947147e+00,1.708075516721528686e+00
2.850000000000000000e+01,7.794228634059947147e+00,-2.992391436226701451e+00
2.950000000000000000e+01,7.794228634059947147e+00,-2.491353556040125206e+00
3.050000000000000000e+01,7.794228634059947147e+00,-1.631655361749196453e+00
3.150000000000000000e+01,7.794228634059947147e+00,-1.703426222361597020e-01
0.000000000000000000e+00,8.660254037844385522e+00,-9.219823854501045801e-01
1.000000000000000000e+00,8.660254037844385522e+00,-2.115708862168168114e+00
2.000000000000000000e+00,8.660254037844385522e+00,-1.602359967379631378e+00
3.000000000000000000e+00,8.660254037844385522e+00,-1.070282538758291491e+00
4.000000000000000000e+00,8.660254037844385522e+00,-1.140640592004903198e+00
5.000000000000000000e+00,8.660254037844385522e+00,-9.209724980037710118e-01
6.000000000000000000e+00,8.660254037844385522e+00,-1.095041057769645221e+00
7.000000000000000000e+00,8.660254037844385522e+00,-1.178045552839356080e+00
8.000000000000000000e+00,8.660254037844385522e+00,-7.156049358838298957e-01
9.000000000000000000e+00,8.660254037844385522e+00,-8.443186138948441943e-01
1.000000000000000000e+01,8.660254037844385522e+00,-1.204838942289395032e+00
1.100000000000000000e+01,8.660254037844385522e+00,-2.164799105544171098e+00
1.200000000000000000e+01,8.660254037844385522e+00,-1.907144390123317157e+00
1.300000000000000000e+01,8.660254037844385522e+00,-2.000235679684923884e+00
1.400000000000000000e+01,8.660254037844385522e+00,-1.555364705560559946e+00
1.500000000000000000e+01,8.660254037844385522e+00,-4.031324617260882981e-01
1.600000000000000000e+01,8.660254037844385522e+00,8.383868471030577751e-01
1.700000000000000000e+01,8.660254037844385522e+00,5.270005463253095712e-01
1.800000000000000000e+01,8.660254037844385522e+00,2.401824850079932183e-01
1.900000000000000000e+01,8.660254037844385522e+00,5.103224081802260059e-02
2.000000000000000000e+01,8.660254037844385522e+00,-3.375893946916912469e-01
2.100000000000000000e+01,8.660254037844385522e+00,-2.509571665647122973e+00
2.200000000000000000e+01,8.660254037844385522e+00,-2.389346792719655888e+00
2.300000000000000000e+01,8.660254037844385522e+00,-1.664114992009444904e+00
2.400000000000000000e+01,8.660254037844385522e+00,-1.749031591186019696e+00
2.500000000000000000e+01,8.660254037844385522e+00,-2.034344738110092532e+00
2.600000000000000000e+01,8.660254037844385522e+00,2.856735912921355869e+00
2.700000000000000000e+01,8.660254037844385522e+00,1.562895379121281181e+00
2.800000000000000000e+01,8.660254037844385522e+00,2.978820212007224022e+00
2.900000000000000000e+01,8.660254037844385522e+00,9.629589999124039679e-01
3.000000000000000000e+01,8.660254037844385522e+00,-1.910197847307361751e+00
3.100000000000000000e+01,8.660254037844385522e+00,-1.445278909069936724e+00
5.000000000000000000e-01,9.526279441628824785e+00,2.543417003141527744e+00
1.500000000000000000e+00,9.526279441628824785e+00,-3.064888493988341622e+00
2.500000000000000000e+00,9.526279441628824785e+00,-1.593078327793205684e+00
3.500000000000000000e+00,9.526279441628824785e+00,1.463295530451630633e+00
4.500000000000000000e+00,9.526279441628824785e+00,2.259414333242665052e+00
5.500000000000000000e+00,9.526279441628824785e+00,-6.051381713879231405e-01
6.500000000000000000e+00,9.526279441628824785e+00,-2.592175340703097852e-01
7.500000000000000000e+00,9.526279441628824785e+00,5.693947065636915106e-01
8.500000000000000000e+00,9.526279441628824785e+00,-2.505740398985243367e-01
9.500000000000000000e+00,9.526279441628824785e+00,3.118816136596640476e-01
1.050000000000000000e+01,9.526279441628824785e+00,-1.813894877063711331e+00
1.150000000000000000e+01,9.526279441628824785e+00,-1.723072071760923363e+00
1.250000000000000000e+01,9.526279441628824785e+00,-2.187196070459060060e+00
1.350000000000000000e+01,9.526279441628824785e+00,-1.456556043628267183e+00
1.450000000000000000e+01,9.526279441628824785e+00,-2.394007352634019981e-02
1.550000000000000000e+01,9.526279441628824785e+00,-5.989209703213127511e-01
1.650000000000000000e+01,9.526279441628824785e+00,-3.936870457859287242e-02
1.750000000000000000e+01,9.526279441628824785e+00,-1.226069237970758952e+00
1.850000000000000000e+01,9.526279441628824785e+00,-1.843538249820031449e+00
1.950000000000000000e+01,9.526279441628824785e+00,-9.791078197994176335e-01
2.050000000000000000e+01,9.526279441628824785e+00,-2.226344454206222956e+00
2.150000000000000000e+01,9.526279441628824785e+00,1.550809624831115840e+00
2.250000000000000000e+01,9.526279441628824785e+00,-2.715361523686982359e+00
2.350000000000000000e+01,9.526279441628824785e+00,2.116768438246974249e+00
2.450000000000000000e+01,9.526279441628824785e+00,1.653082455997748390e+00
2.550000000000000000e+01,9.526279441628824785e+00,2.921643158726631384e+00
2.650000000000000000e+01,9.526279441628824785e+00,2.405169990864523655e+00
2.750000000000000000e+01,9.526279441628824785e+00,2.340459142602759002e+00
2.850000000000000000e+01,9.526279441628824785e+00,2.446172258875675354e+00
2.950000000000000000e+01,9.526279441628824785e+00,2.415692116997758987e+00
3.050000000000000000e+01,9.526279441628824785e+00,2.474502566750397925e+00
3.150000000000000000e+01,9.526279441628824785e+00,-2.962522331562096767e+00
0.000000000000000000e+00,1.039230484541326405e+01,1.891671079223758767e+00
1.000000000000000000e+00,1.039230484541326405e+01,-2.826592871257020967e+00
2.000000000000000000e+00,1.039230484541326405e+01,2.653608384281138655e+00
3.000000000000000000e+00,1.039230484541326405e+01,-2.050406020615025859e+00
4.000000000000000000e+00,1.039230484541326405e+01,2.179384158097782631e+00
5.000000000000000000e+00,1.039230484541326405e+01,1.901770039899595588e+00
6.000000000000000000e+00,1.039230484541326405e+01,1.004433832681305816e+00
7.000000000000000000e+00,1.039230484541326405e+01,1.054991204874427879e+00
8.000000000000000000e+00,1.039230484541326405e+01,9.049498084869744829e-01
9.000000000000000000e+00,1.039230484541326405e+01,-6.404429936685307467e-02
1.000000000000000000e+01,1.039230484541326405e+01,-2.173057389516904081e+00
1.100000000000000000e+01,1.039230484541326405e+01,-1.826472487050716964e+00
1.200000000000000000e+01,1.039230484541326405e+01,-2.136374177494078985e+00
1.300000000000000000e+01,1.039230484541326405e+01,-2.059587653355801962e+00
1.400000000000000000e+01,1.039230484541326405e+01,-1.731794740223194573e+00
1.500000000000000000e+01,1.039230484541326405e+01,-5.317446058236399153e-01
1.600000000000000000e+01,1.039230484541326405e+01,-5.256987991934023441e-01
1.700000000000000000e+01,1.039230484541326405e+01,-9.434927250981468561e-01
1.800000000000000000e+01,1.039230484541326405e+01,-9.991355392167258209e-01
1.900000000000000000e+01,1.039230484541326405e+01,-1.065525410525519856e+00
2.000000000000000000e+01,1.039230484541326405e+01,-1.311146107665166038e+00
2.100000000000000000e+01,1.039230484541326405e+01,-1.993985528584092615e+00
2.200000000000000000e+01,1.039230484541326405e+01,2.955628071426517067e+00
2.300000000000000000e+01,1.039230484541326405e+01,2.473026600954472798e+00
2.400000000000000000e+01,1.039230484541326405e+01,2.143706034252176096e+00
2.500000000000000000e+01,1.039230484541326405e+01,-2.765426005576274271e+00
2.600000000000000000e+01,1.039230484541326405e+01,2.632435745458979071e+00
2.700000000000000000e+01,1.039230484541326405e+01,1.895884969430979616e+00
2.800000000000000000e+01,1.039230484541326405e+01,1.528242185257779440e+00
2.900000000000000000e+01,1.039230484541326405e+01,3.131640419389565722e+00
3.000000000000000000e+01,1.039230484541326405e+01,3.018732358632940205e+00
3.100000000000000000e+01,1.039230484541326405e+01,9.613521713612556141e-01
5.000000000000000000e-01,1.125833024919770153e+01,3.155308845342328361e-01
1.500000000000000000e+00,1.125833024919770153e+01,1.028160247130869287e+00
2.500000000000000000e+00,1.125833024919770153e+01,2.557475352373466571e+00
3.500000000000000000e+00,1.125833024919770153e+01,3.062728672732477619e+00
4.500000000000000000e+00,1.125833024919770153e+01,1.545076151566654232e+00
5.500000000000000000e+00,1.125833024919770153e+01,2.516106447701405457e+00
6.500000000000000000e+00,1.125833024919770153e+01,-9.801158345660194726e-01
7.500000000000000000e+00,1.125833024919770153e+01,8.153919594970622242e-01
8.500000000000000000e+00,1.125833024919770153e+01,5.092516199230825436e-01
9.500000000000000000e+00,1.125833024919770153e+01,-1.909909531018277207e+00
1.050000000000000000e+01,1.125833024919770153e+01,-2.735790659654669277e+00
1.150000000000000000e+01,1.125833024919770153e+01,-1.904375054055101657e+00
1.250000000000000000e+01,1.125833024919770153e+01,-2.398814983834318681e+00
1.350000000000000000e+01,1.125833024919770153e+01,-1.738724369283548343e+00
1.450000000000000000e+01,1.125833024919770153e+01,-8.396887212568673320e-01
1.550000000000000000e+01,1.125833024919770153e+01,-1.329338525991147657e+00
1.650000000000000000e+01,1.125833024919770153e+01,-2.066588036863484135e+00
1.750000000000000000e+01,1.125833024919770153e+01,-1.628764794887196388e-01
1.850000000000000000e+01,1.125833024919770153e+01,-2.340816697462764218e-01
1.950000000000000000e+01,1.125833024919770153e+01,-5.473442041580103279e-01
2.050000000000000000e+01,1.125833024919770153e+01,-2.014774795709712407e+00
2.150000000000000000e+01,1.125833024919770153e+01,3.010726469177242848e+00
2.250000000000000000e+01,1.125833024919770153e+01,2.946172217312859054e+00
2.350000000000000000e+01,1.125833024919770153e+01,-3.062050691285266524e+00
2.450000000000000000e+01,1.125833024919770153e+01,2.326720426857463053e+00
2.550000000000000000e+01,1.125833024919770153e+01,2.954117315903216578e+00
2.650000000000000000e+01,1.125833024919770153e+01,2.348593951697747428e+00
2.750000000000000000e+01,1.125833024919770153e+01,1.071306287043842786e+00
2.850000000000000000e+01,1.125833024919770153e+01,1.754239490198759910e+00
2.950000000000000000e+01,1.125833024919770153e+01,2.967984188008193414e+00
3.050000000000000000e+01,1.125833024919770153e+01,2.586585254897842745e+00
3.150000000000000000e+01,1.125833024919770153e+01,1.243539180219420892e+00
0.000000000000000000e+00,1.212435565298214080e+01,-1.742248866268987006e+00
1.000000000000000000e+00,1.212435565298214080e+01,2.310154250509023122e+00
2.000000000000000000e+00,1.212435565298214080e+01,2.078546187617059005e+00
3.000000000000000000e+00,1.212435565298214080e+01,8.077712386267004163e-01
4.000000000000000000e+00,1.212435565298214080e+01,1.260089288824503662e+00
5.000000000000000000e+00,1.212435565298214080e+01,-2.420011939788249578e+00
6.000000000000000000e+00,1.212435565298214080e+01,-2.964408217323557970e+00
7.000000000000000000e+00,1.212435565298214080e+01,1.944723402768696374e+00
8.000000000000000000e+00,1.212435565298214080e+01,-2.677183720182707560e-02
9.000000000000000000e+00,1.212435565298214080e+01,1.407914734809883051e-01
1.000000000000000000e+01,1.212435565298214080e+01,-1.814508285453936942e+00
1.100000000000000000e+01,1.212435565298214080e+01,-2.242831553436964054e+00
1.200000000000000000e+01,1.212435565298214080e+01,-1.571317334955345757e+00
1.300000000000000000e+01,1.212435565298214080e+01,-1.760117720248707496e+00
1.400000000000000000e+01,1.212435565298214080e+01,-9.366271935860135400e-01
1.500000000000000000e+01,1.212435565298214080e+01,-5.652520985709266199e-01
1.600000000000000000e+01,1.212435565298214080e+01,2.034435619018908348e-01
1.700000000000000000e+01,1.212435565298214080e+01,-1.827829870281818980e+00
1.800000000000000000e+01,1.212435565298214080e+01,-7.051196328238606981e-01
1.900000000000000000e+01,1.212435565298214080e+01,-2.685056749402603415e-01
2.000000000000000000e+01,1.212435565298214080e+01,-1.213530461761234802e+00
2.100000000000000000e+01,1.212435565298214080e+01,-3.041023343461213724e+00
2.200000000000000000e+01,1.212435565298214080e+01,-2.832292604531711167e+00
2.300000000000000000e+01,1.212435565298214080e+01,-1.678481903768027861e+00
2.400000000000000000e+01,1.212435565298214080e+01,-2.814710086100390640e+00
2.500000000000000000e+01,1.212435565298214080e+01,-2.721024777808274564e+00
2.600000000000000000e+01,1.212435565298214080e+01,1.288562515816549237e+00
2.700000000000000000e+01,1.212435565298214080e+01,1.837130989558446004e+00
2.800000000000000000e+01,1.212435565298214080e+01,1.672634529957351290e+00
2.900000000000000000e+01,1.212435565298214080e+01,-2.458097307839285151e+00
3.000000000000000000e+01,1.212435565298214080e+01,2.626006678020572416e+00
3.100000000000000000e+01,1.212435565298214080e+01,2.238500768764835058e+00
5.000000000000000000e-01,1.299038105676657828e+01,2.760196281472971691e+00
1.500000000000000000e+00,1.299038105676657828e+01,2.124690590571445270e+00
2.500000000000000000e+00,1.299038105676657828e+01,3.962719372732248502e-02
3.500000000000000000e+00,1.299038105676657828e+01,-5.094738195055494856e-01
4.500000000000000000e+00,1.299038105676657828e+01,-1.298884320158300021e-01
5.500000000000000000e+00,1.299038105676657828e+01,-1.809226504905751653e+00
6.500000000000000000e+00,1.299038105676657828e+01,6.133588472497328858e-01
7.500000000000000000e+00,1.299038105676657828e+01,2.222600137056556235e-01
8.500000000000000000e+00,1.299038105676657828e+01,5.173254561545146402e-01
9.500000000000000000e+00,1.299038105676657828e+01,-1.250173014172428987e+00
1.050000000000000000e+01,1.299038105676657828e+01,-4.177492327661278537e-01
1.150000000000000000e+01,1.299038105676657828e+01,-1.830736164733902216e+00
1.250000000000000000e+01,1.299038105676657828e+01,-1.122439920387057199e+00
1.350000000000000000e+01,1.299038105676657828e+01,-1.407372824546080814e+00
1.450000000000000000e+01,1.299038105676657828e+01,-2.161884720443875363e+00
1.550000000000000000e+01,1.299038105676657828e+01,-1.221649191917030475e+00
1.650000000000000000e+01,1.299038105676657828e+01,-1.213569455609064374e+00
1.750000000000000000e+01,1.299038105676657828e+01,-1.692171542818261321e+00
1.850000000000000000e+01,1.299038105676657828e+01,9.249175123645363428e-01
1.950000000000000000e+01,1.299038105676657828e+01,-8.846978898852726481e-01
2.050000000000000000e+01,1.299038105676657828e+01,-2.546664862792878736e+00
2.150000000000000000e+01,1.299038105676657828e+01,-2.168228692978069194e+00
2.250000000000000000e+01,1.299038105676657828e+01,-2.592345099595328328e+00
2.350000000000000000e+01,1.299038105676657828e+01,-1.702800623816149050e+00
2.450000000000000000e+01,1.299038105676657828e+01,-2.394537651052585758e+00
2.550000000000000000e+01,1.299038105676657828e+01,2.907071001664898624e+00
2.650000000000000000e+01,1.299038105676657828e+01,1.848790760972851110e+00
2.750000000000000000e+01,1.299038105676657828e+01,5.003919076809477673e-01
2.850000000000000000e+01,1.299038105676657828e+01,-3.074697951168359200e+00
2.950000000000000000e+01,1.299038105676657828e+01,-1.937699123230638865e+00
3.050000000000000000e+01,1.299038105676657828e+01,2.664610963027745250e+00
3.150000000000000000e+01,1.299038105676657828e+01,2.546685721604644570e+00
0.000000000000000000e+00,1.385640646055101755e+01,-2.982250474699669418e+00
1.000000000000000000e+00,1.385640646055101755e+01,2.000336657081307479e+00
2.000000000000000000e+00,1.385640646055101755e+01,1.196052213185049951e+00
3.000000000000000000e+00,1.385640646055101755e+01,1.050056069305060902e-02
4.000000000000000000e+00,1.385640646055101755e+01,-4.031479835681164303e-01
5.000000000000000000e+00,1.385640646055101755e+01,-9.047129852934370220e-01
6.000000000000000000e+00,1.385640646055101755e+01,-1.279322323614161760e+00
7.000000000000000000e+00,1.385640646055101755e+01,-6.327931719978083791e-01
8.000000000000000000e+00,1.385640646055101755e+01,-7.877244490231536389e-01
9.000000000000000000e+00,1.385640646055101755e+01,-1.165436259800920471e+00
1.000000000000000000e+01,1.385640646055101755e+01,-1.518803903158471691e+00
1.100000000000000000e+01,1.385640646055101755e+01,-1.643169203772399056e+00
1.200000000000000000e+01,1.385640646055101755e+01,-1.564683184992953890e+00
1.300000000000000000e+01,1.385640646055101755e+01,-1.431303540361806625e+00
1.400000000000000000e+01,1.385640646055101755e+01,-1.906075585957543339e+00
1.500000000000000000e+01,1.385640646055101755e+01,-2.527641849397892493e+00
1.600000000000000000e+01,1.385640646055101755e+01,-1.387082628128274875e+00
1.700000000000000000e+01,1.385640646055101755e+01,-7.788922738840202697e-01
1.800000000000000000e+01,1.385640646055101755e+01,1.944866082373918559e+00
1.900000000000000000e+01,1.385640646055101755e+01,-1.142955078982973660e+00
2.000000000000000000e+01,1.385640646055101755e+01,-9.352405958616856196e-01
2.100000000000000000e+01,1.385640646055101755e+01,-2.460326905120689744e+00
2.200000000000000000e+01,1.385640646055101755e+01,-1.606134013899167545e+00
2.300000000000000000e+01,1.385640646055101755e+01,-2.514130844380991103e+00
2.400000000000000000e+01,1.385640646055101755e+01,-1.782595398801946951e+00
2.500000000000000000e+01,1.385640646055101755e+01,-2.160686445134198497e+00
2.600000000000000000e+01,1.385640646055101755e+01,2.621398964050589697e+00
2.700000000000000000e+01,1.385640646055101755e+01,2.305236025161948810e+00
2.800000000000000000e+01,1.385640646055101755e+01,2.172825220648021194e+00
2.900000000000000000e+01,1.385640646055101755e+01,2.392138589630244283e+00
3.000000000000000000e+01,1.385640646055101755e+01,2.962765817371420418e+00
3.100000000000000000e+01,1.385640646055101755e+01,9.780204533126033439e-01
5.000000000000000000e-01,1.472243186433545681e+01,2.229004820720049906e+00
1.500000000000000000e+00,1.472243186433545681e+01,6.205676890167048931e-01
2.500000000000000000e+00,1.472243186433545681e+01,7.880423167688985764e-01
3.500000000000000000e+00,1.472243186433545681e+01,3.592908983870941597e-01
4.500000000000000000e+00,1.472243186433545681e+01,-1.266921266048860018e+00
5.500000000000000000e+00,1.472243186433545681e+01,-1.169485937062762604e+00
6.500000000000000000e+00,1.472243186433545681e+01,-1.206552666912086513e+00
7.500000000000000000e+00,1.472243186433545681e+01,-1.331814560058729890e+00
8.500000000000000000e+00,1.472243186433545681e+01,-1.613282114410458323e+00
9.500000000000000000e+00,1.472243186433545681e+01,-2.042454063292951538e+00
1.050000000000000000e+01,1.472243186433545681e+01,-1.529266030802808096e+00
1.150000000000000000e+01,1.472243186433545681e+01,-1.909478996223495040e+00
1.250000000000000000e+01,1.472243186433545681e+01,-2.986953601180582396e+00
1.350000000000000000e+01,1.472243186433545681e+01,-1.934286057020530691e+00
1.450000000000000000e+01,1.472243186433545681e+01,-2.694450484725198880e+00
1.550000000000000000e+01,1.472243186433545681e+01,-3.114460367095491566e+00
1.650000000000000000e+01,1.472243186433545681e+01,-4.555891334765562739e-01
1.750000000000000000e+01,1.472243186433545681e+01,-3.129064587035079725e-01
1.850000000000000000e+01,1.472243186433545681e+01,4.625651426234540509e-01
1.950000000000000000e+01,1.472243186433545681e+01,-9.722723954355498854e-01
2.050000000000000000e+01,1.472243186433545681e+01,-1.682452901826522629e+00
2.150000000000000000e+01,1.472243186433545681e+01,-2.066621739356569343e+00
2.250000000000000000e+01,1.472243186433545681e+01,-1.607666199663082551e+00
2.350000000000000000e+01,1.472243186433545681e+01,-1.016661278229537224e+00
2.450000000000000000e+01,1.472243186433545681e+01,2.807539204536642075e+00
2.550000000000000000e+01,1.472243186433545681e+01,2.968746032910402732e+00
2.650000000000000000e+01,1.472243186433545681e+01,1.615300300869611405e+00
2.750000000000000000e+01,1.472243186433545681e+01,2.786695789187965566e+00
2.850000000000000000e+01,1.472243186433545681e+01,2.947401775018405168e+00
2.950000000000000000e+01,1.472243186433545681e+01,-2.734885299027634886e+00
3.050000000000000000e+01,1.472243186433545681e+01,2.581323343912112378e+00
3.150000000000000000e+01,1.472243186433545681e+01,3.129609035380573445e+00
0.000000000000000000e+00,1.558845726811989429e+01,-2.359193542001009725e+00
1.000000000000000000e+00,1.558845726811989429e+01,2.438576879700461220e+00
2.000000000000000000e+00,1.558845726811989429e+01,9.903448725719012913e-01
3.000000000000000000e+00,1.558845726811989429e+01,4.660766246142689084e-02
4.000000000000000000e+00,1.558845726811989429e+01,2.515466758892799248e-01
5.000000000000000000e+00,1.558845726811989429e+01,-2.510153460262212199e-01
6.000000000000000000e+00,1.558845726811989429e+01,-1.582265554721656420e+00
7.000000000000000000e+00,1.558845726811989429e+01,3.150951965232997587e-01
8.000000000000000000e+00,1.558845726811989429e+01,-3.959133078545828965e-02
9.000000000000000000e+00,1.558845726811989429e+01,-1.423008076746683503e+00
1.000000000000000000e+01,1.558845726811989429e+01,-1.751566191277637907e+00
1.100000000000000000e+01,1.558845726811989429e+01,-1.760811951097645434e+00
1.200000000000000000e+01,1.558845726811989429e+01,-1.606522821100643483e+00
1.300000000000000000e+01,1.558845726811989429e+01,2.690620879504769469e+00
1.400000000000000000e+01,1.558845726811989429e+01,2.939067254082568859e+00
1.500000000000000000e+01,1.558845726811989429e+01,-1.236993809151258672e+00
1.600000000000000000e+01,1.558845726811989429e+01,3.112331146054147624e+00
1.700000000000000000e+01,1.558845726811989429e+01,-1.132219300028781461e+00
1.800000000000000000e+01,1.558845726811989429e+01,-1.323587553287788543e+00
1.900000000000000000e+01,1.558845726811989429e+01,-1.643777053473050032e-02
2.000000000000000000e+01,1.558845726811989429e+01,-1.277493680702216139e+00
2.100000000000000000e+01,1.558845726811989429e+01,-2.843812222580193172e+00
2.200000000000000000e+01,1.558845726811989429e+01,-1.629357135028610015e+00
2.300000000000000000e+01,1.558845726811989429e+01,1.027894940946432634e+00
2.400000000000000000e+01,1.558845726811989429e+01,2.579327816623265157e+00
2.500000000000000000e+01,1.558845726811989429e+01,2.142009682988064156e+00
2.600000000000000000e+01,1.558845726811989429e+01,1.551928263134819019e+00
2.700000000000000000e+01,1.558845726811989429e+01,2.736769273993554741e+00
2.800000000000000000e+01,1.558845726811989429e+01,2.744421369278924772e+00
2.900000000000000000e+01,1.558845726811989429e+01,2.452788359355862369e+00
3.000000000000000000e+01,1.558845726811989429e+01,2.867399297658192125e+00
3.100000000000000000e+01,1.558845726811989429e+01,-2.903692154849487395e+00
5.000000000000000000e-01,1.645448267190433356e+01,-2.788695768348658177e+00
1.500000000000000000e+00,1.645448267190433356e+01,1.286861440987965288e-01
2.500000000000000000e+00,1.645448267190433356e+01,1.091781062771866928e+00
3.500000000000000000e+00,1.645448267190433356e+01,-3.669541019382305258e-01
4.500000000000000000e+00,1.645448267190433356e+01,8.680309684918618984e-03
5.500000000000000000e+00,1.645448267190433356e+01,-6.019907613539343672e-01
6.500000000000000000e+00,1.645448267190433356e+01,-3.333324663785020014e-01
7.500000000000000000e+00,1.645448267190433356e+01,-7.230668409251341799e-01
8.500000000000000000e+00,1.645448267190433356e+01,-1.408242836923927488e+00
9.500000000000000000e+00,1.645448267190433356e+01,-1.937569591753769416e+00
1.050000000000000000e+01,1.645448267190433356e+01,-2.314937260532888175e+00
1.150000000000000000e+01,1.645448267190433356e+01,-1.941127926555821670e+00
1.250000000000000000e+01,1.645448267190433356e+01,-2.457005491799291619e+00
1.350000000000000000e+01,1.645448267190433356e+01,2.998830828759474265e+00
1.450000000000000000e+01,1.645448267190433356e+01,-2.526152279933937983e+00
1.550000000000000000e+01,1.645448267190433356e+01,-2.938974489478968444e+00
1.650000000000000000e+01,1.645448267190433356e+01,2.952022270135929105e+00
1.750000000000000000e+01,1.645448267190433356e+01,2.297982568016685434e+00
1.850000000000000000e+01,1.645448267190433356e+01,6.417769642093684723e-02
1.950000000000000000e+01,1.645448267190433356e+01,3.874403716075303095e-02
2.050000000000000000e+01,1.645448267190433356e+01,-2.264677773414765838e+00
2.150000000000000000e+01,1.645448267190433356e+01,-2.192785046710939323e+00
2.250000000000000000e+01,1.645448267190433356e+01,-2.221838051382519552e+00
2.350000000000000000e+01,1.645448267190433356e+01,2.812900725829582171e+00
2.450000000000000000e+01,1.645448267190433356e+01,-3.048130572062255794e+00
2.550000000000000000e+01,1.645448267190433356e+01,1.041278279464610712e+00
2.650000000000000000e+01,1.645448267190433356e+01,1.533879406936453194e+00
2.750000000000000000e+01,1.645448267190433356e+01,2.097212090376926241e+00
2.850000000000000000e+01,1.645448267190433356e+01,2.498377160909766914e+00
2.950000000000000000e+01,1.645448267190433356e+01,2.398513260114539136e+00
3.050000000000000000e+01,1.645448267190433356e+01,2.285426788103509743e+00
3.150000000000000000e+01,1.645448267190433356e+01,-2.473256450685283436e+00
0.000000000000000000e+00,1.732050807568877104e+01,-1.446632857664192695e+00
1.000000000000000000e+00,1.732050807568877104e+01,2.001638593260663512e+00
2.000000000000000000e+00,1.732050807568877104e+01,6.792120420710832107e-01
3.000000000000000000e+00,1.732050807568877104e+01,5.073599843834930567e-01
4.000000000000000000e+00,1.732050807568877104e+01,1.589157219117437236e+00
5.000000000000000000e+00,1.732050807568877104e+01,1.569102968223301531e-02
6.000000000000000000e+00,1.732050807568877104e+01,2.189883221214246056e-01
7.000000000000000000e+00,1.732050807568877104e+01,1.384365928032627480e+00
8.000000000000000000e+00,1.732050807568877104e+01,-6.150736023960683418e-01
9.000000000000000000e+00,1.732050807568877104e+01,2.123035023740564853e+00
1.000000000000000000e+01,1.732050807568877104e+01,-1.153760213711807481e+00
1.100000000000000000e+01,1.732050807568877104e+01,-2.060603871093329431e+00
1.200000000000000000e+01,1.732050807568877104e+01,-2.275520778110339482e+00
1.300000000000000000e+01,1.732050807568877104e+01,2.681212967013449244e+00
1.400000000000000000e+01,1.732050807568877104e+01,-2.983669471958943831e+00
1.500000000000000000e+01,1.732050807568877104e+01,-2.837643599457826848e+00
1.600000000000000000e+01,1.732050807568877104e+01,-2.977136949231116603e+00
1.700000000000000000e+01,1.732050807568877104e+01,-5.333761089670607802e-01
1.800000000000000000e+01,1.732050807568877104e+01,8.254466552288297621e-01
1.900000000000000000e+01,1.732050807568877104e+01,-4.702398136508882942e-01
2.000000000000000000e+01,1.732050807568877104e+01,-5.581360071782395238e-01
2.100000000000000000e+01,1.732050807568877104e+01,-1.363743784868519882e+00
2.200000000000000000e+01,1.732050807568877104e+01,-1.851206743906794294e+00
2.300000000000000000e+01,1.732050807568877104e+01,-1.867437916319188318e+00
2.400000000000000000e+01,1.732050807568877104e+01,2.355444422251295578e+00
2.500000000000000000e+01,1.732050807568877104e+01,1.930923359597575661e+00
2.600000000000000000e+01,1.732050807568877104e+01,2.181028790683340546e+00
2.700000000000000000e+01,1.732050807568877104e+01,2.611443829520675664e+00
2.800000000000000000e+01,1.732050807568877104e+01,1.313120157725593984e+00
2.900000000000000000e+01,1.732050807568877104e+01,2.906169527885464454e+00
3.000000000000000000e+01,1.732050807568877104e+01,9.316670870621894807e-01
3.100000000000000000e+01,1.732050807568877104e+01,-1.227813860999317885e+00
5.000000000000000000e-01,1.818653347947321208e+01,7.719796431800829417e-01
1.500000000000000000e+00,1.818653347947321208e+01,-3.091729643107612446e+00
2.500000000000000000e+00,1.818653347947321208e+01,-1.537617794700357976e+00
3.500000000000000000e+00,1.818653347947321208e+01,-3.257757664807026110e-01
4.500000000000000000e+00,1.818653347947321208e+01,2.055945894151166797e+00
5.500000000000000000e+00,1.818653347947321208e+01,-1.199430568654937801e+00
6.500000000000000000e+00,1.818653347947321208e+01,2.778854942790699667e+00
7.500000000000000000e+00,1.818653347947321208e+01,-3.024279354382709784e+00
8.500000000000000000e+00,1.818653347947321208e+01,-1.038725027522417577e+00
9.500000000000000000e+00,1.818653347947321208e+01,-4.161485501841344359e-01
1.050000000000000000e+01,1.818653347947321208e+01,9.266855402987417278e-01
1.150000000000000000e+01,1.818653347947321208e+01,-1.025817122290562100e+00
1.250000000000000000e+01,1.818653347947321208e+01,-2.629173141286593740e+00
1.350000000000000000e+01,1.818653347947321208e+01,3.052680403925386976e+00
1.450000000000000000e+01,1.818653347947321208e+01,-3.019183020662936201e+00
1.550000000000000000e+01,1.818653347947321208e+01,2.820488592971571506e+00
1.650000000000000000e+01,1.818653347947321208e+01,-8.353605168620537036e-01
1.750000000000000000e+01,1.818653347947321208e+01,7.558645626920474925e-01
1.850000000000000000e+01,1.818653347947321208e+01,-9.124118256647362202e-02
1.950000000000000000e+01,1.818653347947321208e+01,-1.107380845115533585e+00
2.050000000000000000e+01,1.818653347947321208e+01,-7.911101365077235492e-01
2.150000000000000000e+01,1.818653347947321208e+01,-8.881125733876613637e-01
2.250000000000000000e+01,1.818653347947321208e+01,2.902159491234892030e+00
2.350000000000000000e+01,1.818653347947321208e+01,2.861426311960237001e+00
2.450000000000000000e+01,1.818653347947321208e+01,2.355469949519696016e+00
2.550000000000000000e+01,1.818653347947321208e+01,1.780295621630759939e+00
2.650000000000000000e+01,1.818653347947321208e+01,1.187659270491434604e+00
2.750000000000000000e+01,1.818653347947321208e+01,2.458072241344408049e+00
2.850000000000000000e+01,1.818653347947321208e+01,2.421512540742365438e+00
2.950000000000000000e+01,1.818653347947321208e+01,2.715679091682769553e+00
3.050000000000000000e+01,1.818653347947321208e+01,6.001872911211068029e-01
3.150000000000000000e+01,1.818653347947321208e+01,-2.270323347060169805e+00
0.000000000000000000e+00,1.905255888325764957e+01,-7.637145351728769072e-03
1.000000000000000000e+00,1.905255888325764957e+01,-2.332399998699692389e-01
2.000000000000000000e+00,1.905255888325764957e+01,-3.204641548207671775e-01
3.000000000000000000e+00,1.905255888325764957e+01,-1.434209361581521902e+00
4.000000000000000000e+00,1.905255888325764957e+01,7.852234649832587898e-01
5.000000000000000000e+00,1.905255888325764957e+01,9.658667709431343340e-01
6.000000000000000000e+00,1.905255888325764957e+01,-5.272301195229380788e-01
7.000000000000000000e+00,1.905255888325764957e+01,1.437785892527982057e+00
8.000000000000000000e+00,1.905255888325764957e+01,-1.572574339765506313e+00
9.000000000000000000e+00,1.905255888325764957e+01,-1.420997169749746103e+00
1.000000000000000000e+01,1.905255888325764957e+01,1.216298415675359124e+00
1.100000000000000000e+01,1.905255888325764957e+01,-3.796168157744275184e-01
1.200000000000000000e+01,1.905255888325764957e+01,-1.086034568190343830e+00
1.300000000000000000e+01,1.905255888325764957e+01,2.889843572010300399e+00
1.400000000000000000e+01,1.905255888325764957e+01,-9.289265760514293646e-01
1.500000000000000000e+01,1.905255888325764957e+01,-1.977291451014881574e+00
1.600000000000000000e+01,1.905255888325764957e+01,2.382021495590706195e+00
1.700000000000000000e+01,1.905255888325764957e+01,-1.097976245803245376e+00
1.800000000000000000e+01,1.905255888325764957e+01,-1.028640026001085950e+00
1.900000000000000000e+01,1.905255888325764957e+01,1.550985393165037252e+00
2.000000000000000000e+01,1.905255888325764957e+01,8.418389352504371814e-01
2.100000000000000000e+01,1.905255888325764957e+01,2.699666348392701920e-01
2.200000000000000000e+01,1.905255888325764957e+01,1.663607509204162227e+00
2.300000000000000000e+01,1.905255888325764957e+01,2.031962277248280380e+00
2.400000000000000000e+01,1.905255888325764957e+01,2.029098043106659865e+00
2.500000000000000000e+01,1.905255888325764957e+01,2.065334723415128693e+00
2.600000000000000000e+01,1.905255888325764957e+01,2.309754740196275691e+00
2.700000000000000000e+01,1.905255888325764957e+01,1.657288178302125381e+00
2.800000000000000000e+01,1.905255888325764957e+01,1.474976456735872077e+00
2.900000000000000000e+01,1.905255888325764957e+01,2.523549605020989794e+00
3.000000000000000000e+01,1.905255888325764957e+01,3.117840555179790307e+00
3.100000000000000000e+01,1.905255888325764957e+01,2.798353252346151621e+00
5.000000000000000000e-01,1.991858428704208706e+01,-1.295314037463435319e-01
1.500000000000000000e+00,1.991858428704208706e+01,1.840223054631504596e-01
2.500000000000000000e+00,1.991858428704208706e+01,-8.757281792170283907e-01
3.500000000000000000e+00,1.991858428704208706e+01,-1.814804699520063735e+00
4.500000000000000000e+00,1.991858428704208706e+01,3.459716118773066285e-01
5.500000000000000000e+00,1.991858428704208706e+01,-2.798548371358662301e-01
6.500000000000000000e+00,1.991858428704208706e+01,4.736507169356007907e-01
7.500000000000000000e+00,1.991858428704208706e+01,2.042626573134244339e+00
8.500000000000000000e+00,1.991858428704208706e+01,1.034664230973270094e+00
9.500000000000000000e+00,1.991858428704208706e+01,-4.314526459186467378e-01
1.050000000000000000e+01,1.991858428704208706e+01,-6.852874460634605924e-02
1.150000000000000000e+01,1.991858428704208706e+01,-1.986381909589884920e-01
1.250000000000000000e+01,1.991858428704208706e+01,2.101139983293633939e+00
1.350000000000000000e+01,1.991858428704208706e+01,1.495082431488370389e-01
1.450000000000000000e+01,1.991858428704208706e+01,9.543169938964686239e-01
1.550000000000000000e+01,1.991858428704208706e+01,4.470635563671168100e-01
1.650000000000000000e+01,1.991858428704208706e+01,1.184423998059247474e+00
1.750000000000000000e+01,1.991858428704208706e+01,-2.533532175944065212e+00
1.850000000000000000e+01,1.991858428704208706e+01,3.130067420394129662e+00
1.950000000000000000e+01,1.991858428704208706e+01,1.259953444239634734e+00
2.050000000000000000e+01,1.991858428704208706e+01,5.290207011865870612e-01
2.150000000000000000e+01,1.991858428704208706e+01,1.679051889739165304e+00
2.250000000000000000e+01,1.991858428704208706e+01,1.542566335091781760e+00
2.350000000000000000e+01,1.991858428704208706e+01,1.834939248483923535e+00
2.450000000000000000e+01,1.991858428704208706e+01,6.642541807887125671e-02
2.550000000000000000e+01,1.991858428704208706e+01,6.524773818510816170e-01
2.650000000000000000e+01,1.991858428704208706e+01,1.878361728232142092e+00
2.750000000000000000e+01,1.991858428704208706e+01,2.398062755582446748e+00
2.850000000000000000e+01,1.991858428704208706e+01,-2.936516568153436424e+00
2.950000000000000000e+01,1.991858428704208706e+01,2.703283256631998199e+00
3.050000000000000000e+01,1.991858428704208706e+01,2.997456641878711636e+00
3.150000000000000000e+01,1.991858428704208706e+01,2.143783840294572585e+00
0.000000000000000000e+00,2.078460969082652809e+01,-1.118248889198216744e+00
1.000000000000000000e+00,2.078460969082652809e+01,8.083871547179111161e-02
2.000000000000000000e+00,2.078460969082652809e+01,-2.299686891985466275e-01
3.000000000000000000e+00,2.078460969082652809e+01,1.300083200929336158e-01
4.000000000000000000e+00,2.078460969082652809e+01,-2.298587703449213038e-01
5.000000000000000000e+00,2.078460969082652809e+01,-2.603066424639921550e-01
6.000000000000000000e+00,2.078460969082652809e+01,-8.363681897701029655e-01
7.000000000000000000e+00,2.078460969082652809e+01,-2.388358027966424046e-01
8.000000000000000000e+00,2.078460969082652809e+01,-8.034167539122831769e-01
9.000000000000000000e+00,2.078460969082652809e+01,-1.270783469882891925e+00
1.000000000000000000e+01,2.078460969082652809e+01,-9.363980472694155566e-01
1.100000000000000000e+01,2.078460969082652809e+01,-1.000160308873297765e+00
1.200000000000000000e+01,2.078460969082652809e+01,-7.419939016336258852e-01
1.300000000000000000e+01,2.078460969082652809e+01,-1.180405842576476072e+00
1.400000000000000000e+01,2.078460969082652809e+01,1.857884010562507626e+00
1.500000000000000000e+01,2.078460969082652809e+01,3.063728993689438518e-01
1.600000000000000000e+01,2.078460969082652809e+01,-9.172662235240705009e-01
1.700000000000000000e+01,2.078460969082652809e+01,2.749345381248487818e+00
1.800000000000000000e+01,2.078460969082652809e+01,2.653857886421489454e+00
1.900000000000000000e+01,2.078460969082652809e+01,-1.457304246985811069e+00
2.000000000000000000e+01,2.078460969082652809e+01,1.008468228664040289e+00
2.100000000000000000e+01,2.078460969082652809e+01,7.400103236655510841e-01
2.200000000000000000e+01,2.078460969082652809e+01,2.644914389593227000e-01
2.300000000000000000e+01,2.078460969082652809e+01,3.851921344884878806e-01
2.400000000000000000e+01,2.078460969082652809e+01,-6.889913252616883810e-01
2.500000000000000000e+01,2.078460969082652809e+01,7.275937838470580843e-01
2.600000000000000000e+01,2.078460969082652809e+01,9.029031942602188110e-01
2.700000000000000000e+01,2.078460969082652809e+01,2.886933559221967371e+00
2.800000000000000000e+01,2.078460969082652809e+01,2.155978476547169898e+00
2.900000000000000000e+01,2.078460969082652809e+01,2.283610250665661034e+00
3.000000000000000000e+01,2.078460969082652809e+01,2.505401986080658894e+00
3.100000000000000000e+01,2.078460969082652809e+01,2.604786831417903237e+00
5.000000000000000000e-01,2.165063509461096558e+01,-3.053320270189177066e-01
1.500000000000000000e+00,2.165063509461096558e+01,7.694602435272375196e-01
2.500000000000000000e+00,2.165063509461096558e+01,-2.472963102216860776e-01
3.500000000000000000e+00,2.165063509461096558e+01,-1.380924083044556383e+00
4.500000000000000000e+00,2.165063509461096558e+01,-5.026409006586343153e-01
5.500000000000000000e+00,2.165063509461096558e+01,-1.405012720450322217e+00
6.500000000000000000e+00,2.165063509461096558e+01,1.206111343446133688e+00
7.500000000000000000e+00,2.165063509461096558e+01,8.745103684520163512e-01
8.500000000000000000e+00,2.165063509461096558e+01,1.704500580766232787e-01
9.500000000000000000e+00,2.165063509461096558e+01,-1.452943455763042735e-01
1.050000000000000000e+01,2.165063509461096558e+01,-1.899443677723589019e-02
1.150000000000000000e+01,2.165063509461096558e+01,-1.625443350596934788e+00
1.250000000000000000e+01,2.165063509461096558e+01,-1.824746242742913083e+00
1.350000000000000000e+01,2.165063509461096558e+01,-6.605329263654478034e-01
1.450000000000000000e+01,2.165063509461096558e+01,2.659675633625298019e-01
1.550000000000000000e+01,2.165063509461096558e+01,-2.606974417930228327e+00
1.650000000000000000e+01,2.165063509461096558e+01,-1.642585206637736661e-02
1.750000000000000000e+01,2.165063509461096558e+01,-3.351584109514469390e-01
1.850000000000000000e+01,2.165063509461096558e+01,-1.128074056059378272e+00
1.950000000000000000e+01,2.165063509461096558e+01,2.966107536225366381e-01
2.050000000000000000e+01,2.165063509461096558e+01,9.867802335280844162e-01
2.150000000000000000e+01,2.165063509461096558e+01,1.982296826093108422e-01
2.250000000000000000e+01,2.165063509461096558e+01,6.742605516708861657e-01
2.350000000000000000e+01,2.165063509461096558e+01,3.070022209039020566e-01
2.450000000000000000e+01,2.165063509461096558e+01,-1.043837411837675422e+00
2.550000000000000000e+01,2.165063509461096558e+01,2.930051655017286372e+00
2.650000000000000000e+01,2.165063509461096558e+01,1.079380210199357037e+00
2.750000000000000000e+01,2.165063509461096558e+01,2.517064173754089751e+00
2.850000000000000000e+01,2.165063509461096558e+01,-2.649351500224577549e+00
2.950000000000000000e+01,2.165063509461096558e+01,-2.509023496770231620e+00
3.050000000000000000e+01,2.165063509461096558e+01,-1.774658598103046270e+00
3.150000000000000000e+01,2.165063509461096558e+01,-2.376176146929894095e+00
0.000000000000000000e+00,2.251666049839540307e+01,-4.354278811997698284e-01
1.000000000000000000e+00,2.251666049839540307e+01,-1.659339633782911161e+00
2.000000000000000000e+00,2.251666049839540307e+01,-6.088740669502401559e-02
3.000000000000000000e+00,2.251666049839540307e+01,1.169121932602291913e+00
4.000000000000000000e+00,2.251666049839540307e+01,1.403328934274243878e-01
5.000000000000000000e+00,2.251666049839540307e+01,-1.020233593855640830e+00
6.000000000000000000e+00,2.251666049839540307e+01,1.339239706561660803e+00
7.000000000000000000e+00,2.251666049839540307e+01,1.512846151335905276e+00
8.000000000000000000e+00,2.251666049839540307e+01,-7.674535492467855491e-01
9.000000000000000000e+00,2.251666049839540307e+01,-1.028027974730460148e+00
1.000000000000000000e+01,2.251666049839540307e+01,-5.618650316923443633e-01
1.100000000000000000e+01,2.251666049839540307e+01,-1.186715291333175770e-01
1.200000000000000000e+01,2.251666049839540307e+01,-1.964840018526392784e+00
1.300000000000000000e+01,2.251666049839540307e+01,-1.854905857956443915e+00
1.400000000000000000e+01,2.251666049839540307e+01,-2.770158908306390888e+00
1.500000000000000000e+01,2.251666049839540307e+01,1.860721996773309961e+00
1.600000000000000000e+01,2.251666049839540307e+01,-2.440588368423175503e+00
1.700000000000000000e+01,2.251666049839540307e+01,3.121356298146471531e-02
1.800000000000000000e+01,2.251666049839540307e+01,-1.592408656936945555e+00
1.900000000000000000e+01,2.251666049839540307e+01,-7.128153876979848036e-02
2.000000000000000000e+01,2.251666049839540307e+01,7.821874456809929654e-01
2.100000000000000000e+01,2.251666049839540307e+01,-9.402535366084752155e-02
2.200000000000000000e+01,2.251666049839540307e+01,7.824359733359820268e-01
2.300000000000000000e+01,2.251666049839540307e+01,5.498080343092417444e-01
2.400000000000000000e+01,2.251666049839540307e+01,1.180369846357136154e+00
2.500000000000000000e+01,2.251666049839540307e+01,2.210564466731075761e+00
2.600000000000000000e+01,2.251666049839540307e+01,1.339247471525829347e+00
2.700000000000000000e+01,2.251666049839540307e+01,2.588336234913821698e-01
2.800000000000000000e+01,2.251666049839540307e+01,-1.048781126013659915e+00
2.900000000000000000e+01,2.251666049839540307e+01,-2.182135951261715334e+00
3.000000000000000000e+01,2.251666049839540307e+01,-2.954282221805407449e+00
3.100000000000000000e+01,2.251666049839540307e+01,2.836143005165622455e+00
5.000000000000000000e-01,2.338268590217984055e+01,-1.435786035548150874e+00
1.500000000000000000e+00,2.338268590217984055e+01,-1.733744061696241179e+00
2.500000000000000000e+00,2.338268590217984055e+01,2.882672372694234930e+00
3.500000000000000000e+00,2.338268590217984055e+01,7.925994175157993205e-01
4.500000000000000000e+00,2.338268590217984055e+01,-2.317491596376322072e-01
5.500000000000000000e+00,2.338268590217984055e+01,7.261705601719077308e-01
6.500000000000000000e+00,2.338268590217984055e+01,4.053841901124375369e-01
7.500000000000000000e+00,2.338268590217984055e+01,-1.141995915102128833e+00
8.500000000000000000e+00,2.338268590217984055e+01,-1.264868614768791311e+00
9.500000000000000000e+00,2.338268590217984055e+01,-1.440208517439849345e-01
1.050000000000000000e+01,2.338268590217984055e+01,-1.063400513753337773e+00
1.150000000000000000e+01,2.338268590217984055e+01,-1.209882676176361027e+00
1.250000000000000000e+01,2.338268590217984055e+01,-1.816587043108804256e+00
1.350000000000000000e+01,2.338268590217984055e+01,-2.759161146205596271e+00
1.450000000000000000e+01,2.338268590217984055e+01,-2.735275456099638181e+00
1.550000000000000000e+01,2.338268590217984055e+01,-3.111224716247507516e+00
1.650000000000000000e+01,2.338268590217984055e+01,1.370810602447265936e+00
1.750000000000000000e+01,2.338268590217984055e+01,-1.083690941677268427e+00
1.850000000000000000e+01,2.338268590217984055e+01,-7.556617412920836330e-01
1.950000000000000000e+01,2.338268590217984055e+01,-8.075433213587679404e-01
2.050000000000000000e+01,2.338268590217984055e+01,1.251813479966048526e+00
2.150000000000000000e+01,2.338268590217984055e+01,1.059906669145399327e+00
2.250000000000000000e+01,2.338268590217984055e+01,9.784576389713475209e-01
2.350000000000000000e+01,2.338268590217984055e+01,1.010104832985573076e+00
2.450000000000000000e+01,2.338268590217984055e+01,2.167551437248072865e+00
2.550000000000000000e+01,2.338268590217984055e+01,1.861053448322092407e+00
2.650000000000000000e+01,2.338268590217984055e+01,2.229700206780949046e+00
2.750000000000000000e+01,2.338268590217984055e+01,6.723663645067752270e-01
2.850000000000000000e+01,2.338268590217984055e+01,1.237502668010717066e+00
2.950000000000000000e+01,2.338268590217984055e+01,-1.376709913626491755e+00
3.050000000000000000e+01,2.338268590217984055e+01,-2.896691001888828332e+00
3.150000000000000000e+01,2.338268590217984055e+01,1.680380408107767565e+00
0.000000000000000000e+00,2.424871130596428159e+01,4.976384640546331894e-01
1.000000000000000000e+00,2.424871130596428159e+01,1.478173924929127026e-02
2.000000000000000000e+00,2.424871130596428159e+01,-2.290591344585222178e+00
3.000000000000000000e+00,2.424871130596428159e+01,-2.564219113561434948e+00
4.000000000000000000e+00,2.424871130596428159e+01,-5.450926301087037906e-01
5.000000000000000000e+00,2.424871130596428159e+01,1.503848650274813181e+00
6.000000000000000000e+00,2.424871130596428159e+01,1.455074811721170036e+00
7.000000000000000000e+00,2.424871130596428159e+01,5.932929697770794597e-01
8.000000000000000000e+00,2.424871130596428159e+01,-3.703532894032823819e-01
9.000000000000000000e+00,2.424871130596428159e+01,-2.234557672297876607e-01
1.000000000000000000e+01,2.424871130596428159e+01,-1.380598851493529455e+00
1.100000000000000000e+01,2.424871130596428159e+01,-1.126065491562290521e+00
1.200000000000000000e+01,2.424871130596428159e+01,-2.414350043074939389e+00
1.300000000000000000e+01,2.424871130596428159e+01,-1.359945196225075259e+00
1.400000000000000000e+01,2.424871130596428159e+01,-1.091195244543623932e+00
1.500000000000000000e+01,2.424871130596428159e+01,-2.801436350226905958e+00
1.600000000000000000e+01,2.424871130596428159e+01,1.440036703981658839e+00
1.700000000000000000e+01,2.424871130596428159e+01,3.015670710568469914e-01
1.800000000000000000e+01,2.424871130596428159e+01,1.112399852300606895e+00
1.900000000000000000e+01,2.424871130596428159e+01,-3.289663266413924703e-01
2.000000000000000000e+01,2.424871130596428159e+01,-1.652265933464871939e+00
2.100000000000000000e+01,2.424871130596428159e+01,1.882310765385914131e+00
2.200000000000000000e+01,2.424871130596428159e+01,2.342276309299614390e+00
2.300000000000000000e+01,2.424871130596428159e+01,1.655960683526505051e-01
2.400000000000000000e+01,2.424871130596428159e+01,-2.399670466026289972e+00
2.500000000000000000e+01,2.424871130596428159e+01,2.716689085382020252e+00
2.600000000000000000e+01,2.424871130596428159e+01,2.717044852099832930e+00
2.700000000000000000e+01,2.424871130596428159e+01,-7.562873368073330660e-01
2.800000000000000000e+01,2.424871130596428159e+01,4.821426358831453207e-01
2.900000000000000000e+01,2.424871130596428159e+01,2.094072586645250311e-01
3.000000000000000000e+01,2.424871130596428159e+01,2.691392509665337940e-01
3.100000000000000000e+01,2.424871130596428159e+01,-3.013236578782922948e+00
5.000000000000000000e-01,2.511473670974871908e+01,2.586346304135058283e+00
1.500000000000000000e+00,2.511473670974871908e+01,2.767144744233851483e+00
2.500000000000000000e+00,2.511473670974871908e+01,-3.112464802536794473e+00
3.500000000000000000e+00,2.511473670974871908e+01,-2.503928015385201711e+00
4.500000000000000000e+00,2.511473670974871908e+01,1.773835993226141383e+00
5.500000000000000000e+00,2.511473670974871908e+01,9.925765572917626400e-01
6.500000000000000000e+00,2.511473670974871908e+01,8.333889227864768046e-01
7.500000000000000000e+00,2.511473670974871908e+01,6.763485279931487071e-01
8.500000000000000000e+00,2.511473670974871908e+01,1.355956044787018477e+00
9.500000000000000000e+00,2.511473670974871908e+01,2.052072587401760018e+00
1.050000000000000000e+01,2.511473670974871908e+01,2.132337965096718690e+00
1.150000000000000000e+01,2.511473670974871908e+01,3.112100189549303231e+00
1.250000000000000000e+01,2.511473670974871908e+01,-2.599515154047613574e+00
1.350000000000000000e+01,2.511473670974871908e+01,-3.642840139940810573e-01
1.450000000000000000e+01,2.511473670974871908e+01,-2.080501526713151250e+00
1.550000000000000000e+01,2.511473670974871908e+01,-1.946347861927463008e+00
1.650000000000000000e+01,2.511473670974871908e+01,5.721096002579884043e-01
1.750000000000000000e+01,2.511473670974871908e+01,1.421821411382037326e+00
1.850000000000000000e+01,2.511473670974871908e+01,1.438297796501702308e+00
1.950000000000000000e+01,2.511473670974871908e+01,9.107903851203369427e-01
2.050000000000000000e+01,2.511473670974871908e+01,1.897471856341432783e+00
2.150000000000000000e+01,2.511473670974871908e+01,1.396980586579903871e+00
2.250000000000000000e+01,2.511473670974871908e+01,2.183396949523636721e+00
2.350000000000000000e+01,2.511473670974871908e+01,3.093835112591031944e+00
2.450000000000000000e+01,2.511473670974871908e+01,-2.082928821618829751e+00
2.550000000000000000e+01,2.511473670974871908e+01,2.353668914835847836e+00
2.650000000000000000e+01,2.511473670974871908e+01,8.291468221826514551e-01
2.750000000000000000e+01,2.511473670974871908e+01,5.329489614162552513e-01
2.850000000000000000e+01,2.511473670974871908e+01,9.641184363279986513e-01
2.950000000000000000e+01,2.511473670974871908e+01,-1.108795094735137710e-01
3.050000000000000000e+01,2.511473670974871908e+01,-6.789572177742977388e-01
3.150000000000000000e+01,2.511473670974871908e+01,2.704376425817244467e+00
0.000000000000000000e+00,2.598076211353315657e+01,-3.032715032950925149e+00
1.000000000000000000e+00,2.598076211353315657e+01,2.712467917266620177e+00
2.000000000000000000e+00,2.598076211353315657e+01,-2.275262325183168954e+00
3.000000000000000000e+00,2.598076211353315657e+01,-1.546524649841613641e+00
4.000000000000000000e+00,2.598076211353315657e+01,2.667644909912708862e+00
5.000000000000000000e+00,2.598076211353315657e+01,1.050140957750469006e+00
6.000000000000000000e+00,2.598076211353315657e+01,1.319942227047743444e-02
7.000000000000000000e+00,2.598076211353315657e+01,8.344106852952033471e-01
8.000000000000000000e+00,2.598076211353315657e+01,7.754648379453223939e-01
9.000000000000000000e+00,2.598076211353315657e+01,2.295974470346078711e+00
1.000000000000000000e+01,2.598076211353315657e+01,-3.103229886965353401e+00
1.100000000000000000e+01,2.598076211353315657e+01,2.943489123961109399e+00
1.200000000000000000e+01,2.598076211353315657e+01,-2.148099743543599338e+00
1.300000000000000000e+01,2.598076211353315657e+01,-2.650821239172823862e+00
1.400000000000000000e+01,2.598076211353315657e+01,-1.837281040086485628e+00
1.500000000000000000e+01,2.598076211353315657e+01,-2.678566546854903141e+00
1.600000000000000000e+01,2.598076211353315657e+01,-1.490741995191799951e+00
1.700000000000000000e+01,2.598076211353315657e+01,1.948760614095755628e+00
1.800000000000000000e+01,2.598076211353315657e+01,-3.997674791754457502e-01
1.900000000000000000e+01,2.598076211353315657e+01,-5.241883314399120586e-01
2.000000000000000000e+01,2.598076211353315657e+01,5.656612404182936871e-01
2.100000000000000000e+01,2.598076211353315657e+01,5.109439884697328793e-01
2.200000000000000000e+01,2.598076211353315657e+01,-1.355705658237393862e-03
2.300000000000000000e+01,2.598076211353315657e+01,3.430310168840877694e-01
2.400000000000000000e+01,2.598076211353315657e+01,-1.241625352527412796e+00
2.500000000000000000e+01,2.598076211353315657e+01,1.138690214900536013e+00
2.600000000000000000e+01,2.598076211353315657e+01,1.064457618799009353e+00
2.700000000000000000e+01,2.598076211353315657e+01,1.479228535938318601e+00
2.800000000000000000e+01,2.598076211353315657e+01,1.245379346584714497e+00
2.900000000000000000e+01,2.598076211353315657e+01,9.660175935682175918e-01
3.000000000000000000e+01,2.598076211353315657e+01,-3.355254352064562795e-01
3.100000000000000000e+01,2.598076211353315657e+01,2.718920079416431435e-01
5.000000000000000000e-01,2.684678751731759760e+01,2.885401058065557578e+00
1.500000000000000000e+00,2.684678751731759760e+01,-3.030161650081554470e+00
2.500000000000000000e+00,2.684678751731759760e+01,-2.368287258904224757e+00
3.500000000000000000e+00,2.684678751731759760e+01,-2.642511150415128185e+00
4.500000000000000000e+00,2.684678751731759760e+01,1.482786437344703501e+00
5.500000000000000000e+00,2.684678751731759760e+01,-2.443854442247391567e+00
6.500000000000000000e+00,2.684678751731759760e+01,1.009065717055136702e+00
7.500000000000000000e+00,2.684678751731759760e+01,8.705283292828536190e-02
8.500000000000000000e+00,2.684678751731759760e+01,1.267129855633838176e+00
9.500000000000000000e+00,2.684678751731759760e+01,2.787087161928374357e+00
1.050000000000000000e+01,2.684678751731759760e+01,-2.915887026634922385e+00
1.150000000000000000e+01,2.684678751731759760e+01,2.723976975177350823e+00
1.250000000000000000e+01,2.684678751731759760e+01,-3.000043975990153378e+00
1.350000000000000000e+01,2.684678751731759760e+01,2.409355435716537208e+00
1.450000000000000000e+01,2.684678751731759760e+01,-1.896447628811695818e+00
1.550000000000000000e+01,2.684678751731759760e+01,-2.038760220423007308e+00
1.650000000000000000e+01,2.684678751731759760e+01,-2.405895079822973237e+00
1.750000000000000000e+01,2.684678751731759760e+01,8.387564965335210232e-01
1.850000000000000000e+01,2.684678751731759760e+01,2.471684045941153762e-01
1.950000000000000000e+01,2.684678751731759760e+01,1.201521645760713852e+00
2.050000000000000000e+01,2.684678751731759760e+01,-2.672591187040618266e-02
2.150000000000000000e+01,2.684678751731759760e+01,1.349871846697718425e+00
2.250000000000000000e+01,2.684678751731759760e+01,2.024105148254084163e+00
2.350000000000000000e+01,2.684678751731759760e+01,-3.585204004885831353e-01
2.450000000000000000e+01,2.684678751731759760e+01,3.505723588912283972e-01
2.550000000000000000e+01,2.684678751731759760e+01,-1.406505368897916775e-01
2.650000000000000000e+01,2.684678751731759760e+01,1.226560860943186171e+00
2.750000000000000000e+01,2.684678751731759760e+01,1.330147521921620779e+00
2.850000000000000000e+01,2.684678751731759760e+01,8.839074226026362169e-01
2.950000000000000000e+01,2.684678751731759760e+01,7.250411315306828364e-01
3.050000000000000000e+01,2.684678751731759760e+01,-6.239402531336573077e-01
3.150000000000000000e+01,2.684678751731759760e+01,-5.669981691884187214e-01
