x,y,theta
0.000000000000000000e+00,0.000000000000000000e+00,-9.867927298542211734e-02
1.000000000000000000e+00,0.000000000000000000e+00,-2.181860560493805168e-01
2.000000000000000000e+00,0.000000000000000000e+00,-5.908194340783001763e-02
3.000000000000000000e+00,0.000000000000000000e+00,2.643434901245851343e-01
4.000000000000000000e+00,0.000000000000000000e+00,1.000284472616176368e-01
5.000000000000000000e+00,0.000000000000000000e+00,-3.048870896058632485e-01
6.000000000000000000e+00,0.000000000000000000e+00,1.215463281003982265e-01
7.000000000000000000e+00,0.000000000000000000e+00,-1.661248415166793890e-03
8.000000000000000000e+00,0.000000000000000000e+00,-4.848440413351727818e-01
9.000000000000000000e+00,0.000000000000000000e+00,-3.461123313567145976e-01
1.000000000000000000e+01,0.000000000000000000e+00,-3.270296566243675596e-01
1.100000000000000000e+01,0.000000000000000000e+00,-4.556127143318272621e-02
1.200000000000000000e+01,0.000000000000000000e+00,3.663422569512350124e-01
1.300000000000000000e+01,0.000000000000000000e+00,1.211255122861990552e-01
1.400000000000000000e+01,0.000000000000000000e+00,7.479631945644593660e-02
1.500000000000000000e+01,0.000000000000000000e+00,4.793426621799276033e-01
1.600000000000000000e+01,0.000000000000000000e+00,7.265306978002306071e-02
1.700000000000000000e+01,0.000000000000000000e+00,-8.955498391039573569e-02
1.800000000000000000e+01,0.000000000000000000e+00,-1.189191776668653278e-01
1.900000000000000000e+01,0.000000000000000000e+00,-3.620457551973266241e-03
2.000000000000000000e+01,0.000000000000000000e+00,-4.669431193496403898e-01
2.100000000000000000e+01,0.000000000000000000e+00,-2.790301852525630677e-01
2.200000000000000000e+01,0.000000000000000000e+00,-2.325099278666689639e-01
2.300000000000000000e+01,0.000000000000000000e+00,3.193671537248773395e-01
2.400000000000000000e+01,0.000000000000000000e+00,4.728382265055431910e-01
2.500000000000000000e+01,0.000000000000000000e+00,3.902778229039600699e-01
2.600000000000000000e+01,0.000000000000000000e+00,2.724316088196816477e-01
2.700000000000000000e+01,0.000000000000000000e+00,-2.011118068124303493e-01
2.800000000000000000e+01,0.000000000000000000e+00,-7.669539973495415053e-02
2.900000000000000000e+01,0.000000000000000000e+00,-4.798487885012171494e-01
3.000000000000000000e+01,0.000000000000000000e+00,-2.365424097515750335e-01
3.100000000000000000e+01,0.000000000000000000e+00,1.062742519110660977e-01
5.000000000000000000e-01,8.660254037844385966e-01,1.495993548321650213e-02
1.500000000000000000e+00,8.660254037844385966e-01,3.387620509182144302e-01
2.500000000000000000e+00,8.660254037844385966e-01,-1.136174011896499136e-01
3.500000000000000000e+00,8.660254037844385966e-01,2.723895437714475287e-01
4.500000000000000000e+00,8.660254037844385966e-01,-1.232664303399187422e-01
5.500000000000000000e+00,8.660254037844385966e-01,7.532848060536778689e-03
6.500000000000000000e+00,8.660254037844385966e-01,2.555778440477157742e-01
7.500000000000000000e+00,8.660254037844385966e-01,1.880592182899384346e-01
8.500000000000000000e+00,8.660254037844385966e-01,3.052684786752958290e-01
9.500000000000000000e+00,8.660254037844385966e-01,9.115303195974611139e-02
1.050000000000000000e+01,8.660254037844385966e-01,2.489954815751647121e-01
1.150000000000000000e+01,8.660254037844385966e-01,-3.611467126176176601e-02
1.250000000000000000e+01,8.660254037844385966e-01,-1.120881631282222290e-02
1.350000000000000000e+01,8.660254037844385966e-01,-2.859278081225031798e-01
1.450000000000000000e+01,8.660254037844385966e-01,6.888369757898105128e-02
1.550000000000000000e+01,8.660254037844385966e-01,4.723156477416080579e-01
1.650000000000000000e+01,8.660254037844385966e-01,-1.337491754853063486e-01
1.750000000000000000e+01,8.660254037844385966e-01,8.859223720479858510e-02
1.850000000000000000e+01,8.660254037844385966e-01,3.165584501113432037e-01
1.950000000000000000e+01,8.660254037844385966e-01,-3.259105540325822892e-01
2.050000000000000000e+01,8.660254037844385966e-01,4.566032272167159789e-01
2.150000000000000000e+01,8.660254037844385966e-01,7.516554456231649972e-02
2.250000000000000000e+01,8.660254037844385966e-01,3.989619255338920922e-01
2.350000000000000000e+01,8.660254037844385966e-01,1.527707856609658021e-01
2.450000000000000000e+01,8.660254037844385966e-01,-2.283642055794056769e-01
2.550000000000000000e+01,8.660254037844385966e-01,7.506540695053798284e-02
2.650000000000000000e+01,8.660254037844385966e-01,-3.999909689653247113e-03
2.750000000000000000e+01,8.660254037844385966e-01,3.674299276391038704e-01
2.850000000000000000e+01,8.660254037844385966e-01,1.691601591655474968e-01
2.950000000000000000e+01,8.660254037844385966e-01,-2.903167748268614679e-02
3.050000000000000000e+01,8.660254037844385966e-01,3.875101559904060577e-01
3.150000000000000000e+01,8.660254037844385966e-01,-4.166748601728066381e-01
0.000000000000000000e+00,1.732050807568877193e+00,1.398931354302146435e-01
1.000000000000000000e+00,1.732050807568877193e+00,4.490497184280040077e-02
2.000000000000000000e+00,1.732050807568877193e+00,-1.028986697435354536e-01
3.000000000000000000e+00,1.732050807568877193e+00,-2.821769318412502003e-01
4.000000000000000000e+00,1.732050807568877193e+00,-1.274876067640017263e-01
5.000000000000000000e+00,1.732050807568877193e+00,1.218802398586710245e-01
6.000000000000000000e+00,1.732050807568877193e+00,-3.597752093818299413e-01
7.000000000000000000e+00,1.732050807568877193e+00,2.982555824337272954e-01
8.000000000000000000e+00,1.732050807568877193e+00,-3.384420160985927017e-01
9.000000000000000000e+00,1.732050807568877193e+00,-3.176569209169947672e-01
1.000000000000000000e+01,1.732050807568877193e+00,3.268377492582339450e-01
1.100000000000000000e+01,1.732050807568877193e+00,1.705150241623401008e-01
1.200000000000000000e+01,1.732050807568877193e+00,-2.543064855881665975e-01
1.300000000000000000e+01,1.732050807568877193e+00,-1.930555990837178326e-01
1.400000000000000000e+01,1.732050807568877193e+00,-1.617757812135038331e-01
1.500000000000000000e+01,1.732050807568877193e+00,3.287366188710335591e-01
1.600000000000000000e+01,1.732050807568877193e+00,5.658860937902199240e-02
1.700000000000000000e+01,1.732050807568877193e+00,-3.479476975416663231e-01
1.800000000000000000e+01,1.732050807568877193e+00,2.534932039330740627e-01
1.900000000000000000e+01,1.732050807568877193e+00,1.247107878909502476e-01
2.000000000000000000e+01,1.732050807568877193e+00,-2.603650776748830387e-01
2.100000000000000000e+01,1.732050807568877193e+00,-2.380671169641485063e-01
2.200000000000000000e+01,1.732050807568877193e+00,1.492143566351066264e-01
2.300000000000000000e+01,1.732050807568877193e+00,3.191511426628097503e-01
2.400000000000000000e+01,1.732050807568877193e+00,4.578480510840698958e-02
2.500000000000000000e+01,1.732050807568877193e+00,-6.577850137692581312e-02
2.600000000000000000e+01,1.732050807568877193e+00,-3.288468040373962453e-01
2.700000000000000000e+01,1.732050807568877193e+00,2.254914758447964518e-01
2.800000000000000000e+01,1.732050807568877193e+00,-3.704236708978051462e-01
2.900000000000000000e+01,1.732050807568877193e+00,1.821401532755977382e-01
3.000000000000000000e+01,1.732050807568877193e+00,2.645357830298391555e-01
3.100000000000000000e+01,1.732050807568877193e+00,-2.055213063064423862e-01
5.000000000000000000e-01,2.598076211353316012e+00,-4.523765952440655935e-02
1.500000000000000000e+00,2.598076211353316012e+00,1.096053081897273573e-01
2.500000000000000000e+00,2.598076211353316012e+00,1.654197327505396720e-01
3.500000000000000000e+00,2.598076211353316012e+00,3.021263554231390369e-01
4.500000000000000000e+00,2.598076211353316012e+00,1.912778702543636022e-01
5.500000000000000000e+00,2.598076211353316012e+00,7.751377275239612619e-02
6.500000000000000000e+00,2.598076211353316012e+00,7.205976592095331146e-02
7.500000000000000000e+00,2.598076211353316012e+00,-2.178729300485525711e-01
8.500000000000000000e+00,2.598076211353316012e+00,3.880691410622981730e-01
9.500000000000000000e+00,2.598076211353316012e+00,-4.552449650784610724e-01
1.050000000000000000e+01,2.598076211353316012e+00,3.239244794552036399e-01
1.150000000000000000e+01,2.598076211353316012e+00,3.631622867329783455e-01
1.250000000000000000e+01,2.598076211353316012e+00,-9.012536670673848560e-02
1.350000000000000000e+01,2.598076211353316012e+00,8.040987228926765873e-03
1.450000000000000000e+01,2.598076211353316012e+00,-9.505727543004260927e-02
1.550000000000000000e+01,2.598076211353316012e+00,4.012362815773836688e-01
1.650000000000000000e+01,2.598076211353316012e+00,-2.091380767148232622e-01
1.750000000000000000e+01,2.598076211353316012e+00,4.040079079290517239e-01
1.850000000000000000e+01,2.598076211353316012e+00,-8.114572373809952888e-02
1.950000000000000000e+01,2.598076211353316012e+00,-1.801200649871654291e-01
2.050000000000000000e+01,2.598076211353316012e+00,3.368792075576538814e-01
2.150000000000000000e+01,2.598076211353316012e+00,2.078254071587507523e-01
2.250000000000000000e+01,2.598076211353316012e+00,9.056793350785430352e-02
2.350000000000000000e+01,2.598076211353316012e+00,2.923386520074400252e-01
2.450000000000000000e+01,2.598076211353316012e+00,2.143656826578510532e-01
2.550000000000000000e+01,2.598076211353316012e+00,3.196683431862927804e-01
2.650000000000000000e+01,2.598076211353316012e+00,3.063920155249961752e-01
2.750000000000000000e+01,2.598076211353316012e+00,-1.121758486786955111e-01
2.850000000000000000e+01,2.598076211353316012e+00,3.914899429499022476e-01
2.950000000000000000e+01,2.598076211353316012e+00,3.676423197058578118e-01
3.050000000000000000e+01,2.598076211353316012e+00,1.452146746920028875e-01
3.150000000000000000e+01,2.598076211353316012e+00,-5.152272063504773625e-01
0.000000000000000000e+00,3.464101615137754386e+00,4.650210151937117509e-02
1.000000000000000000e+00,3.464101615137754386e+00,-7.328515268970803298e-02
2.000000000000000000e+00,3.464101615137754386e+00,-2.731062303806530700e-02
3.000000000000000000e+00,3.464101615137754386e+00,1.065455896636050559e-01
4.000000000000000000e+00,3.464101615137754386e+00,1.331189556491115811e-01
5.000000000000000000e+00,3.464101615137754386e+00,-2.599227220488111723e-01
6.000000000000000000e+00,3.464101615137754386e+00,-4.138462560807082413e-01
7.000000000000000000e+00,3.464101615137754386e+00,1.711185931036208752e-01
8.000000000000000000e+00,3.464101615137754386e+00,-3.526447370327490116e-01
9.000000000000000000e+00,3.464101615137754386e+00,-2.998136828039849044e-01
1.000000000000000000e+01,3.464101615137754386e+00,7.361343648370777260e-02
1.100000000000000000e+01,3.464101615137754386e+00,5.012775301303741271e-01
1.200000000000000000e+01,3.464101615137754386e+00,1.176587852596713279e-01
1.300000000000000000e+01,3.464101615137754386e+00,3.703094024054964795e-02
1.400000000000000000e+01,3.464101615137754386e+00,4.068094075098699358e-01
1.500000000000000000e+01,3.464101615137754386e+00,7.476166071848899808e-02
1.600000000000000000e+01,3.464101615137754386e+00,1.735019811378190058e-01
1.700000000000000000e+01,3.464101615137754386e+00,-2.285629559882065842e-01
1.800000000000000000e+01,3.464101615137754386e+00,-4.548886115140992059e-01
1.900000000000000000e+01,3.464101615137754386e+00,1.685852846355403445e-01
2.000000000000000000e+01,3.464101615137754386e+00,3.770433877968288883e-01
2.100000000000000000e+01,3.464101615137754386e+00,4.966915001790966899e-01
2.200000000000000000e+01,3.464101615137754386e+00,-1.172246526922389176e-01
2.300000000000000000e+01,3.464101615137754386e+00,1.222685724387507777e-01
2.400000000000000000e+01,3.464101615137754386e+00,2.494859396435143983e-01
2.500000000000000000e+01,3.464101615137754386e+00,-1.690242396457968810e-01
2.600000000000000000e+01,3.464101615137754386e+00,-1.495977315502752258e-01
2.700000000000000000e+01,3.464101615137754386e+00,-3.493414083097833300e-01
2.800000000000000000e+01,3.464101615137754386e+00,3.393673069966408606e-01
2.900000000000000000e+01,3.464101615137754386e+00,-1.477341109409942010e-01
3.000000000000000000e+01,3.464101615137754386e+00,1.210659841134476000e-01
3.100000000000000000e+01,3.464101615137754386e+00,-2.251642431458992233e-01
5.000000000000000000e-01,4.330127018922192761e+00,2.950680133152057127e-01
1.500000000000000000e+00,4.330127018922192761e+00,-2.823315857254082850e-01
2.500000000000000000e+00,4.330127018922192761e+00,-4.396901391219927291e-01
3.500000000000000000e+00,4.330127018922192761e+00,8.799509132649818710e-02
4.500000000000000000e+00,4.330127018922192761e+00,2.680713331511778152e-01
5.500000000000000000e+00,4.330127018922192761e+00,-1.548259898822825220e-01
6.500000000000000000e+00,4.330127018922192761e+00,4.448859812601807517e-01
7.500000000000000000e+00,4.330127018922192761e+00,-1.288333153657093000e-01
8.500000000000000000e+00,4.330127018922192761e+00,1.263607840925387027e-01
9.500000000000000000e+00,4.330127018922192761e+00,-2.724374724381596335e-01
1.050000000000000000e+01,4.330127018922192761e+00,4.558505354719351033e-01
1.150000000000000000e+01,4.330127018922192761e+00,-8.506246279236445718e-02
1.250000000000000000e+01,4.330127018922192761e+00,5.620796998680832601e-02
1.350000000000000000e+01,4.330127018922192761e+00,-3.063677654627560143e-01
1.450000000000000000e+01,4.330127018922192761e+00,-2.562922355492835425e-01
1.550000000000000000e+01,4.330127018922192761e+00,4.561926313085060691e-01
1.650000000000000000e+01,4.330127018922192761e+00,8.789397260584641547e-02
1.750000000000000000e+01,4.330127018922192761e+00,-3.649790358199457296e-01
1.850000000000000000e+01,4.330127018922192761e+00,1.551301659961413781e-01
1.950000000000000000e+01,4.330127018922192761e+00,-2.987872178333167428e-02
2.050000000000000000e+01,4.330127018922192761e+00,-1.756855710221357780e-01
2.150000000000000000e+01,4.330127018922192761e+00,7.471180160090984401e-02
2.250000000000000000e+01,4.330127018922192761e+00,2.199383536599447408e-01
2.350000000000000000e+01,4.330127018922192761e+00,1.682689024382210130e-01
2.450000000000000000e+01,4.330127018922192761e+00,-2.576372148657091188e-01
2.550000000000000000e+01,4.330127018922192761e+00,-2.924435065269886946e-01
2.650000000000000000e+01,4.330127018922192761e+00,-2.082772776143229088e-01
2.750000000000000000e+01,4.330127018922192761e+00,-2.139980351155336691e-01
2.850000000000000000e+01,4.330127018922192761e+00,-2.376190730455082778e-01
2.950000000000000000e+01,4.330127018922192761e+00,3.334538882168701646e-01
3.050000000000000000e+01,4.330127018922192761e+00,4.442214058008762123e-01
3.150000000000000000e+01,4.330127018922192761e+00,3.326570937603394729e-01
0.000000000000000000e+00,5.196152422706632024e+00,-3.981022778570436627e-02
1.000000000000000000e+00,5.196152422706632024e+00,6.077150073473691627e-02
2.000000000000000000e+00,5.196152422706632024e+00,3.072769546401821206e-02
3.000000000000000000e+00,5.196152422706632024e+00,1.396269054096780371e-01
4.000000000000000000e+00,5.196152422706632024e+00,1.351171314157950665e-02
5.000000000000000000e+00,5.196152422706632024e+00,1.318073672665284191e-01
6.000000000000000000e+00,5.196152422706632024e+00,-2.778555261459830783e-02
7.000000000000000000e+00,5.196152422706632024e+00,3.275745778732941371e-01
8.000000000000000000e+00,5.196152422706632024e+00,-7.182544884015396036e-02
9.000000000000000000e+00,5.196152422706632024e+00,2.975925728315154117e-02
1.000000000000000000e+01,5.196152422706632024e+00,2.967725967402277121e-01
1.100000000000000000e+01,5.196152422706632024e+00,8.343779575684140415e-02
1.200000000000000000e+01,5.196152422706632024e+00,-2.573336501410229404e-01
1.300000000000000000e+01,5.196152422706632024e+00,-2.737826374984038136e-01
1.400000000000000000e+01,5.196152422706632024e+00,2.972463565439064093e-01
1.500000000000000000e+01,5.196152422706632024e+00,6.652242274667552469e-02
1.600000000000000000e+01,5.196152422706632024e+00,2.603526227970666129e-01
1.700000000000000000e+01,5.196152422706632024e+00,-5.767947067556633556e-02
1.800000000000000000e+01,5.196152422706632024e+00,3.918638986799153345e-01
1.900000000000000000e+01,5.196152422706632024e+00,-1.265511082780569341e-01
2.000000000000000000e+01,5.196152422706632024e+00,3.239059651832826292e-01
2.100000000000000000e+01,5.196152422706632024e+00,1.582123756633420086e-01
2.200000000000000000e+01,5.196152422706632024e+00,1.161068712576226458e-01
2.300000000000000000e+01,5.196152422706632024e+00,8.622769314015954478e-02
2.400000000000000000e+01,5.196152422706632024e+00,-3.720619762690007271e-01
2.500000000000000000e+01,5.196152422706632024e+00,-3.427245175385967846e-01
2.600000000000000000e+01,5.196152422706632024e+00,8.457008355641215669e-02
2.700000000000000000e+01,5.196152422706632024e+00,8.532640110485623097e-02
2.800000000000000000e+01,5.196152422706632024e+00,-1.567908777998323622e-01
2.900000000000000000e+01,5.196152422706632024e+00,-4.813907553993385102e-01
3.000000000000000000e+01,5.196152422706632024e+00,8.504814546570804712e-02
3.100000000000000000e+01,5.196152422706632024e+00,5.009137236886024303e-01
5.000000000000000000e-01,6.062177826491070398e+00,2.351652461139687178e-01
1.500000000000000000e+00,6.062177826491070398e+00,-1.119262899339034112e-01
2.500000000000000000e+00,6.062177826491070398e+00,-1.680936167983090868e-01
3.500000000000000000e+00,6.062177826491070398e+00,-4.017602850669957371e-01
4.500000000000000000e+00,6.062177826491070398e+00,1.249260826141028735e-01
5.500000000000000000e+00,6.062177826491070398e+00,4.737902680341494754e-01
6.500000000000000000e+00,6.062177826491070398e+00,-1.637898291619375724e-01
7.500000000000000000e+00,6.062177826491070398e+00,-3.857019295135762915e-01
8.500000000000000000e+00,6.062177826491070398e+00,-2.789457570984981705e-01
9.500000000000000000e+00,6.062177826491070398e+00,-1.944647034670859975e-01
1.050000000000000000e+01,6.062177826491070398e+00,-1.260136226476915589e-01
1.150000000000000000e+01,6.062177826491070398e+00,1.140478583756117104e-01
1.250000000000000000e+01,6.062177826491070398e+00,-8.286867511519691032e-02
1.350000000000000000e+01,6.062177826491070398e+00,2.773950335418343682e-01
1.450000000000000000e+01,6.062177826491070398e+00,-2.587035152206507149e-02
1.550000000000000000e+01,6.062177826491070398e+00,-1.954402702753351706e-01
1.650000000000000000e+01,6.062177826491070398e+00,3.109482845013902264e-01
1.750000000000000000e+01,6.062177826491070398e+00,-2.187282857103327594e-01
1.850000000000000000e+01,6.062177826491070398e+00,1.530979052672709617e-02
1.950000000000000000e+01,6.062177826491070398e+00,-1.179653003528861044e-01
2.050000000000000000e+01,6.062177826491070398e+00,1.616630516541568419e-01
2.150000000000000000e+01,6.062177826491070398e+00,3.383917221642337436e-01
2.250000000000000000e+01,6.062177826491070398e+00,4.288879438581876258e-01
2.350000000000000000e+01,6.062177826491070398e+00,-1.912461137170612391e-01
2.450000000000000000e+01,6.062177826491070398e+00,2.405504562112494860e-01
2.550000000000000000e+01,6.062177826491070398e+00,1.458614366331700829e-01
2.650000000000000000e+01,6.062177826491070398e+00,4.479238330936566870e-01
2.750000000000000000e+01,6.062177826491070398e+00,5.123595096847871622e-01
2.850000000000000000e+01,6.062177826491070398e+00,-4.310940478075634408e-01
2.950000000000000000e+01,6.062177826491070398e+00,-4.322981411025347276e-01
3.050000000000000000e+01,6.062177826491070398e+00,3.753143608473619164e-01
3.150000000000000000e+01,6.062177826491070398e+00,4.899577408875283036e-01
0.000000000000000000e+00,6.928203230275508773e+00,2.990989617116726063e-01
1.000000000000000000e+00,6.928203230275508773e+00,3.036207056960225081e-01
2.000000000000000000e+00,6.928203230275508773e+00,2.160767337816505984e-01
3.000000000000000000e+00,6.928203230275508773e+00,-6.011375736262347669e-02
4.000000000000000000e+00,6.928203230275508773e+00,3.468215733198187767e-02
5.000000000000000000e+00,6.928203230275508773e+00,-7.860695736106337872e-02
6.000000000000000000e+00,6.928203230275508773e+00,-9.059177464251944034e-02
7.000000000000000000e+00,6.928203230275508773e+00,-3.372963241499282727e-02
8.000000000000000000e+00,6.928203230275508773e+00,-9.259545880447106470e-02
9.000000000000000000e+00,6.928203230275508773e+00,-2.312615446779629491e-01
1.000000000000000000e+01,6.928203230275508773e+00,8.349624677551426011e-02
1.100000000000000000e+01,6.928203230275508773e+00,-3.594576627859100704e-01
1.200000000000000000e+01,6.928203230275508773e+00,-3.805034492936311130e-01
1.300000000000000000e+01,6.928203230275508773e+00,3.690439526838595885e-01
1.400000000000000000e+01,6.928203230275508773e+00,2.362875353600250028e-01
1.500000000000000000e+01,6.928203230275508773e+00,-9.971577287662775069e-02
1.600000000000000000e+01,6.928203230275508773e+00,3.032810059874498920e-01
1.700000000000000000e+01,6.928203230275508773e+00,-5.217465556269358373e-01
1.800000000000000000e+01,6.928203230275508773e+00,2.100965443545144140e-02
1.900000000000000000e+01,6.928203230275508773e+00,-2.004918773164363066e-01
2.000000000000000000e+01,6.928203230275508773e+00,-2.435114557035822358e-02
2.100000000000000000e+01,6.928203230275508773e+00,1.442740011273312417e-01
2.200000000000000000e+01,6.928203230275508773e+00,-7.413606767538116760e-02
2.300000000000000000e+01,6.928203230275508773e+00,1.349523485836704451e-01
2.400000000000000000e+01,6.928203230275508773e+00,-1.982644400887811909e-02
2.500000000000000000e+01,6.928203230275508773e+00,2.042250279820645442e-01
2.600000000000000000e+01,6.928203230275508773e+00,4.051958369800600090e-01
2.700000000000000000e+01,6.928203230275508773e+00,2.736216501620591934e-03
2.800000000000000000e+01,6.928203230275508773e+00,-1.232574836156746789e-01
2.900000000000000000e+01,6.928203230275508773e+00,1.963639735918187856e-01
3.000000000000000000e+01,6.928203230275508773e+00,-4.569105799794445089e-01
3.100000000000000000e+01,6.928203230275508773e+00,-2.139198855553767764e-01
5.000000000000000000e-01,7.794228634059947147e+00,-1.866011253231539824e-01
1.500000000000000000e+00,7.794228634059947147e+00,-6.508552136942558075e-02
2.500000000000000000e+00,7.794228634059947147e+00,-1.231259488979340455e-01
3.500000000000000000e+00,7.794228634059947147e+00,-2.742112959879827727e-01
4.500000000000000000e+00,7.794228634059947147e+00,6.650350139324323617e-02
5.500000000000000000e+00,7.794228634059947147e+00,-2.593874820182571761e-01
6.500000000000000000e+00,7.794228634059947147e+00,-7.041716908934725350e-02
7.500000000000000000e+00,7.794228634059947147e+00,-2.295034544331385762e-01
8.500000000000000000e+00,7.794228634059947147e+00,-2.537660111563945220e-01
9.500000000000000000e+00,7.794228634059947147e+00,4.883390041842593510e-01
1.050000000000000000e+01,7.794228634059947147e+00,1.832875411574909075e-01
1.150000000000000000e+01,7.794228634059947147e+00,-2.301563764149315849e-01
1.250000000000000000e+01,7.794228634059947147e+00,1.761553484258512325e-01
1.350000000000000000e+01,7.794228634059947147e+00,-5.247026420387723711e-02
1.450000000000000000e+01,7.794228634059947147e+00,6.583485237572139770e-02
1.550000000000000000e+01,7.794228634059947147e+00,1.676793269142728970e-02
1.650000000000000000e+01,7.794228634059947147e+00,1.077249931476246259e-01
1.750000000000000000e+01,7.794228634059947147e+00,-2.711099780172757656e-01
1.850000000000000000e+01,7.794228634059947147e+00,1.673769482798749264e-01
1.950000000000000000e+01,7.794228634059947147e+00,-8.186586675047780037e-02
2.050000000000000000e+01,7.794228634059947147e+00,1.827496354413041812e-01
2.150000000000000000e+01,7.794228634059947147e+00,3.433903592278891859e-01
2.250000000000000000e+01,7.794228634059947147e+00,-2.675742398707525727e-01
2.350000000000000000e+01,7.794228634059947147e+00,-1.254573166570103759e-01
2.450000000000000000e+01,7.794228634059947147e+00,-1.875326802397766501e-01
2.550000000000000000e+01,7.794228634059947147e+00,-4.390767634548153886e-02
2.650000000000000000e+01,7.794228634059947147e+00,8.133541887861905906e-02
2.750000000000000000e+01,7.794228634059947147e+00,4.793257249464856207e-01
2.850000000000000000e+01,7.794228634059947147e+00,-3.371305092489093047e-01
2.950000000000000000e+01,7.794228634059947147e+00,1.213085607000738975e-01
3.050000000000000000e+01,7.794228634059947147e+00,-1.693763862186087321e-01
3.150000000000000000e+01,7.794228634059947147e+00,4.772212167064072696e-01
0.000000000000000000e+00,8.660254037844385522e+00,1.675291841792924119e-01
1.000000000000000000e+00,8.660254037844385522e+00,1.977075088909272527e-01
2.000000000000000000e+00,8.660254037844385522e+00,1.623802521323883807e-01
3.000000000000000000e+00,8.660254037844385522e+00,-5.056008561651162969e-01
4.000000000000000000e+00,8.660254037844385522e+00,9.357021681417043713e-02
5.000000000000000000e+00,8.660254037844385522e+00,2.668716392766731227e-01
6.000000000000000000e+00,8.660254037844385522e+00,-1.313620133820456171e-01
7.000000000000000000e+00,8.660254037844385522e+00,4.796955293847814383e-01
8.000000000000000000e+00,8.660254037844385522e+00,1.978572136045642083e-02
9.000000000000000000e+00,8.660254037844385522e+00,3.810707202257500592e-01
1.000000000000000000e+01,8.660254037844385522e+00,1.532534453108450601e-01
1.100000000000000000e+01,8.660254037844385522e+00,7.148355376104553738e-02
1.200000000000000000e+01,8.660254037844385522e+00,3.689032026399774455e-01
1.300000000000000000e+01,8.660254037844385522e+00,-4.645633471397309089e-01
1.400000000000000000e+01,8.660254037844385522e+00,1.292157752907244772e-01
1.500000000000000000e+01,8.660254037844385522e+00,7.827792972797786852e-03
1.600000000000000000e+01,8.660254037844385522e+00,-2.102874087172693640e-01
1.700000000000000000e+01,8.660254037844385522e+00,4.391470022207667467e-01
1.800000000000000000e+01,8.660254037844385522e+00,-1.670913505931621024e-01
1.900000000000000000e+01,8.660254037844385522e+00,-1.530984441430467413e-01
2.000000000000000000e+01,8.660254037844385522e+00,8.715146081895885910e-02
2.100000000000000000e+01,8.660254037844385522e+00,-2.209553458036463969e-01
2.200000000000000000e+01,8.660254037844385522e+00,-2.629915362965193348e-01
2.300000000000000000e+01,8.660254037844385522e+00,2.105952715381198548e-01
2.400000000000000000e+01,8.660254037844385522e+00,3.770606222151523523e-01
2.500000000000000000e+01,8.660254037844385522e+00,1.056124882438242985e-01
2.600000000000000000e+01,8.660254037844385522e+00,-8.416870236264961669e-02
2.700000000000000000e+01,8.660254037844385522e+00,3.432555399929837492e-01
2.800000000000000000e+01,8.660254037844385522e+00,-2.396643227119086283e-01
2.900000000000000000e+01,8.660254037844385522e+00,-1.531770915624608431e-02
3.000000000000000000e+01,8.660254037844385522e+00,-1.845734587890668355e-01
3.100000000000000000e+01,8.660254037844385522e+00,1.979213100570527128e-01
5.000000000000000000e-01,9.526279441628824785e+00,-2.008690960518093593e-01
1.500000000000000000e+00,9.526279441628824785e+00,4.177498714341058017e-01
2.500000000000000000e+00,9.526279441628824785e+00,-2.680237289992590810e-01
3.500000000000000000e+00,9.526279441628824785e+00,3.325970552671642100e-02
4.500000000000000000e+00,9.526279441628824785e+00,3.190789528172154332e-01
5.500000000000000000e+00,9.526279441628824785e+00,1.883598891370075190e-02
6.500000000000000000e+00,9.526279441628824785e+00,2.683484540240468341e-01
7.500000000000000000e+00,9.526279441628824785e+00,2.045193716772746306e-01
8.500000000000000000e+00,9.526279441628824785e+00,2.029032265817140024e-01
9.500000000000000000e+00,9.526279441628824785e+00,-7.290965861673182058e-02
1.050000000000000000e+01,9.526279441628824785e+00,-1.815920543944651300e-01
1.150000000000000000e+01,9.526279441628824785e+00,-1.520833984285904217e-01
1.250000000000000000e+01,9.526279441628824785e+00,1.095112247524560045e-01
1.350000000000000000e+01,9.526279441628824785e+00,-2.732493544808245467e-02
1.450000000000000000e+01,9.526279441628824785e+00,-3.083010284677020207e-01
1.550000000000000000e+01,9.526279441628824785e+00,1.662131333887373330e-01
1.650000000000000000e+01,9.526279441628824785e+00,-2.571742440761578541e-01
1.750000000000000000e+01,9.526279441628824785e+00,4.166289248380717902e-01
1.850000000000000000e+01,9.526279441628824785e+00,-2.859718663158341556e-01
1.950000000000000000e+01,9.526279441628824785e+00,1.248470653993043467e-01
2.050000000000000000e+01,9.526279441628824785e+00,-7.822030045939054599e-02
2.150000000000000000e+01,9.526279441628824785e+00,9.531402458876192529e-02
2.250000000000000000e+01,9.526279441628824785e+00,1.366292352030433754e-01
2.350000000000000000e+01,9.526279441628824785e+00,-4.251884068224452973e-01
2.450000000000000000e+01,9.526279441628824785e+00,3.221772948015044769e-02
2.550000000000000000e+01,9.526279441628824785e+00,-1.031389037808068676e-01
2.650000000000000000e+01,9.526279441628824785e+00,5.151000377733109259e-01
2.750000000000000000e+01,9.526279441628824785e+00,-2.271764841100770704e-01
2.850000000000000000e+01,9.526279441628824785e+00,3.344926523210223213e-01
2.950000000000000000e+01,9.526279441628824785e+00,-7.756515178716322234e-02
3.050000000000000000e+01,9.526279441628824785e+00,1.818635783441918674e-01
3.150000000000000000e+01,9.526279441628824785e+00,2.408922803257809164e-01
0.000000000000000000e+00,1.039230484541326405e+01,-1.384820696862132383e-01
1.000000000000000000e+00,1.039230484541326405e+01,2.447192644564929465e-01
2.000000000000000000e+00,1.039230484541326405e+01,-4.857029661487883843e-01
3.000000000000000000e+00,1.039230484541326405e+01,-4.213852178804054494e-01
4.000000000000000000e+00,1.039230484541326405e+01,2.516590358704574593e-01
5.000000000000000000e+00,1.039230484541326405e+01,4.907007679157388003e-01
6.000000000000000000e+00,1.039230484541326405e+01,-1.640229812623337224e-01
7.000000000000000000e+00,1.039230484541326405e+01,-9.109406393336028085e-02
8.000000000000000000e+00,1.039230484541326405e+01,1.903188232314968475e-01
9.000000000000000000e+00,1.039230484541326405e+01,2.377268419483830053e-01
1.000000000000000000e+01,1.039230484541326405e+01,-3.957795316555492438e-01
1.100000000000000000e+01,1.039230484541326405e+01,9.114720079287741417e-02
1.200000000000000000e+01,1.039230484541326405e+01,-3.075876938843310482e-01
1.300000000000000000e+01,1.039230484541326405e+01,-3.046390919337549352e-02
1.400000000000000000e+01,1.039230484541326405e+01,1.201320843801882976e-01
1.500000000000000000e+01,1.039230484541326405e+01,2.306245237562620787e-01
1.600000000000000000e+01,1.039230484541326405e+01,1.107954663742385382e-01
1.700000000000000000e+01,1.039230484541326405e+01,4.573390834255095516e-01
1.800000000000000000e+01,1.039230484541326405e+01,-2.170999350041469267e-02
1.900000000000000000e+01,1.039230484541326405e+01,-2.616841687209902068e-01
2.000000000000000000e+01,1.039230484541326405e+01,1.218920649925764321e-01
2.100000000000000000e+01,1.039230484541326405e+01,-2.183318231758113459e-02
2.200000000000000000e+01,1.039230484541326405e+01,2.674070697134025565e-01
2.300000000000000000e+01,1.039230484541326405e+01,-2.780017399173896342e-01
2.400000000000000000e+01,1.039230484541326405e+01,-1.826468977654464032e-01
2.500000000000000000e+01,1.039230484541326405e+01,1.240848638583160746e-01
2.600000000000000000e+01,1.039230484541326405e+01,1.721610265740936008e-02
2.700000000000000000e+01,1.039230484541326405e+01,-3.095838474834927689e-02
2.800000000000000000e+01,1.039230484541326405e+01,3.085209531172476982e-01
2.900000000000000000e+01,1.039230484541326405e+01,6.234087010818056829e-02
3.000000000000000000e+01,1.039230484541326405e+01,-4.717605127016055722e-02
3.100000000000000000e+01,1.039230484541326405e+01,4.289021746083154785e-02
5.000000000000000000e-01,1.125833024919770153e+01,1.002778965205401995e-01
1.500000000000000000e+00,1.125833024919770153e+01,1.990976983165030356e-01
2.500000000000000000e+00,1.125833024919770153e+01,-4.091611180667110714e-01
3.500000000000000000e+00,1.125833024919770153e+01,3.779944279145898145e-01
4.500000000000000000e+00,1.125833024919770153e+01,8.611874997141888421e-02
5.500000000000000000e+00,1.125833024919770153e+01,-1.187348830244749354e-01
6.500000000000000000e+00,1.125833024919770153e+01,4.600157123328041386e-02
7.500000000000000000e+00,1.125833024919770153e+01,3.446066785440282665e-01
8.500000000000000000e+00,1.125833024919770153e+01,1.936717836152961336e-01
9.500000000000000000e+00,1.125833024919770153e+01,-2.409151384256317252e-01
1.050000000000000000e+01,1.125833024919770153e+01,2.648269827885325611e-01
1.150000000000000000e+01,1.125833024919770153e+01,-3.905371346416747214e-01
1.250000000000000000e+01,1.125833024919770153e+01,-2.714439905413918996e-01
1.350000000000000000e+01,1.125833024919770153e+01,-3.717252080651424762e-01
1.450000000000000000e+01,1.125833024919770153e+01,1.310673743424736193e-01
1.550000000000000000e+01,1.125833024919770153e+01,1.628932055226653963e-01
1.650000000000000000e+01,1.125833024919770153e+01,-1.055159089935275851e-02
1.750000000000000000e+01,1.125833024919770153e+01,3.275569701447493820e-01
1.850000000000000000e+01,1.125833024919770153e+01,-2.943261662673493650e-01
1.950000000000000000e+01,1.125833024919770153e+01,-5.277419031615537826e-02
2.050000000000000000e+01,1.125833024919770153e+01,-2.351136129939251918e-01
2.150000000000000000e+01,1.125833024919770153e+01,3.120873435328107570e-01
2.250000000000000000e+01,1.125833024919770153e+01,-4.693240301031388340e-01
2.350000000000000000e+01,1.125833024919770153e+01,-8.386652966674085219e-02
2.450000000000000000e+01,1.125833024919770153e+01,-4.531262714034188788e-01
2.550000000000000000e+01,1.125833024919770153e+01,-4.613466025184626007e-02
2.650000000000000000e+01,1.125833024919770153e+01,7.418417103421259817e-02
2.750000000000000000e+01,1.125833024919770153e+01,2.258448302608927483e-01
2.850000000000000000e+01,1.125833024919770153e+01,-4.464095862869561504e-01
2.950000000000000000e+01,1.125833024919770153e+01,4.164892210789650218e-02
3.050000000000000000e+01,1.125833024919770153e+01,-1.544526594185495205e-01
3.150000000000000000e+01,1.125833024919770153e+01,-1.883666189346695496e-01
0.000000000000000000e+00,1.212435565298214080e+01,-8.796375393586064462e-02
1.000000000000000000e+00,1.212435565298214080e+01,-7.601242377778782977e-02
2.000000000000000000e+00,1.212435565298214080e+01,-1.213497384559055203e-01
3.000000000000000000e+00,1.212435565298214080e+01,6.194145339964340913e-02
4.000000000000000000e+00,1.212435565298214080e+01,-5.527856682464499238e-02
5.000000000000000000e+00,1.212435565298214080e+01,3.971754844344359547e-01
6.000000000000000000e+00,1.212435565298214080e+01,-4.048085118763155021e-01
7.000000000000000000e+00,1.212435565298214080e+01,4.408020422386031978e-01
8.000000000000000000e+00,1.212435565298214080e+01,-1.386543027579159038e-01
9.000000000000000000e+00,1.212435565298214080e+01,3.051816376244264051e-01
1.000000000000000000e+01,1.212435565298214080e+01,-3.965846678518603619e-01
1.100000000000000000e+01,1.212435565298214080e+01,1.762670548056823883e-01
1.200000000000000000e+01,1.212435565298214080e+01,3.772077158060493929e-01
1.300000000000000000e+01,1.212435565298214080e+01,2.294162037812488286e-01
1.400000000000000000e+01,1.212435565298214080e+01,-3.632467528389163314e-01
1.500000000000000000e+01,1.212435565298214080e+01,3.837345010984055671e-01
1.600000000000000000e+01,1.212435565298214080e+01,-1.727969730826970363e-01
1.700000000000000000e+01,1.212435565298214080e+01,-5.173028440872828870e-01
1.800000000000000000e+01,1.212435565298214080e+01,-1.158443812121102146e-01
1.900000000000000000e+01,1.212435565298214080e+01,5.301702261924845505e-02
2.000000000000000000e+01,1.212435565298214080e+01,-4.103164698806784916e-01
2.100000000000000000e+01,1.212435565298214080e+01,1.360088304821281957e-01
2.200000000000000000e+01,1.212435565298214080e+01,1.125798292071635842e-01
2.300000000000000000e+01,1.212435565298214080e+01,-3.101387876231326279e-01
2.400000000000000000e+01,1.212435565298214080e+01,-2.575335466889561165e-02
2.500000000000000000e+01,1.212435565298214080e+01,3.441268849537337804e-02
2.600000000000000000e+01,1.212435565298214080e+01,-4.211938309283584925e-01
2.700000000000000000e+01,1.212435565298214080e+01,-4.798795143173665845e-01
2.800000000000000000e+01,1.212435565298214080e+01,-6.256097624162826332e-02
2.900000000000000000e+01,1.212435565298214080e+01,1.195203523660366418e-01
3.000000000000000000e+01,1.212435565298214080e+01,4.589447989459415345e-01
3.100000000000000000e+01,1.212435565298214080e+01,3.272356735627931501e-01
5.000000000000000000e-01,1.299038105676657828e+01,-3.678901094846719344e-01
1.500000000000000000e+00,1.299038105676657828e+01,1.495523992416949444e-01
2.500000000000000000e+00,1.299038105676657828e+01,-2.504740892979790967e-01
3.500000000000000000e+00,1.299038105676657828e+01,-5.076952201650931640e-01
4.500000000000000000e+00,1.299038105676657828e+01,-1.257251258351188561e-02
5.500000000000000000e+00,1.299038105676657828e+01,-3.432523861199208159e-01
6.500000000000000000e+00,1.299038105676657828e+01,3.339235396445343618e-01
7.500000000000000000e+00,1.299038105676657828e+01,4.441305606186572996e-01
8.500000000000000000e+00,1.299038105676657828e+01,-1.313737803342504007e-01
9.500000000000000000e+00,1.299038105676657828e+01,7.279234287052427366e-02
1.050000000000000000e+01,1.299038105676657828e+01,-4.144644062447188082e-01
1.150000000000000000e+01,1.299038105676657828e+01,-8.525380764273626788e-02
1.250000000000000000e+01,1.299038105676657828e+01,3.895581342369409672e-01
1.350000000000000000e+01,1.299038105676657828e+01,4.877683861887346373e-01
1.450000000000000000e+01,1.299038105676657828e+01,-2.367483878680832765e-01
1.550000000000000000e+01,1.299038105676657828e+01,-1.070650684207319348e-02
1.650000000000000000e+01,1.299038105676657828e+01,1.958126747687818359e-01
1.750000000000000000e+01,1.299038105676657828e+01,4.369401895607897268e-01
1.850000000000000000e+01,1.299038105676657828e+01,2.418763965241418346e-01
1.950000000000000000e+01,1.299038105676657828e+01,-4.957318816994538135e-02
2.050000000000000000e+01,1.299038105676657828e+01,-3.010410177285794964e-01
2.150000000000000000e+01,1.299038105676657828e+01,8.945022441230465748e-02
2.250000000000000000e+01,1.299038105676657828e+01,4.217877785703587623e-01
2.350000000000000000e+01,1.299038105676657828e+01,2.213410961895299067e-01
2.450000000000000000e+01,1.299038105676657828e+01,-1.585383739433712247e-01
2.550000000000000000e+01,1.299038105676657828e+01,-4.393312480094291872e-01
2.650000000000000000e+01,1.299038105676657828e+01,4.977006213390055001e-01
2.750000000000000000e+01,1.299038105676657828e+01,1.230386112160267720e-01
2.850000000000000000e+01,1.299038105676657828e+01,-4.371577314921449853e-01
2.950000000000000000e+01,1.299038105676657828e+01,4.636383085184233588e-01
3.050000000000000000e+01,1.299038105676657828e+01,-9.041793109410778406e-03
3.150000000000000000e+01,1.299038105676657828e+01,-3.449743529440648659e-01
0.000000000000000000e+00,1.385640646055101755e+01,-3.335268227697272270e-01
1.000000000000000000e+00,1.385640646055101755e+01,-1.398600410233583613e-01
2.000000000000000000e+00,1.385640646055101755e+01,-1.621084706150006660e-01
3.000000000000000000e+00,1.385640646055101755e+01,-2.106808046601582607e-02
4.000000000000000000e+00,1.385640646055101755e+01,-2.807741204469249574e-03
5.000000000000000000e+00,1.385640646055101755e+01,-2.859852605656952873e-01
6.000000000000000000e+00,1.385640646055101755e+01,-8.669976358202530209e-02
7.000000000000000000e+00,1.385640646055101755e+01,1.855589077066179815e-01
8.000000000000000000e+00,1.385640646055101755e+01,-1.896235546190451760e-01
9.000000000000000000e+00,1.385640646055101755e+01,-1.288318763430863489e-01
1.000000000000000000e+01,1.385640646055101755e+01,3.687895811333996576e-04
1.100000000000000000e+01,1.385640646055101755e+01,3.566628245974179379e-01
1.200000000000000000e+01,1.385640646055101755e+01,-8.769209875881051053e-02
1.300000000000000000e+01,1.385640646055101755e+01,2.035560799230181628e-01
1.400000000000000000e+01,1.385640646055101755e+01,3.993472746475457136e-01
1.500000000000000000e+01,1.385640646055101755e+01,7.135499666814359987e-02
1.600000000000000000e+01,1.385640646055101755e+01,-8.044543326518327486e-02
1.700000000000000000e+01,1.385640646055101755e+01,-1.795609262998322242e-01
1.800000000000000000e+01,1.385640646055101755e+01,1.067893645276857262e-01
1.900000000000000000e+01,1.385640646055101755e+01,-2.722986725391171592e-01
2.000000000000000000e+01,1.385640646055101755e+01,-4.614262741506433008e-01
2.100000000000000000e+01,1.385640646055101755e+01,1.923081891120859144e-02
2.200000000000000000e+01,1.385640646055101755e+01,-1.169825395058152195e-01
2.300000000000000000e+01,1.385640646055101755e+01,9.447288483741000942e-02
2.400000000000000000e+01,1.385640646055101755e+01,1.269489975553044214e-01
2.500000000000000000e+01,1.385640646055101755e+01,-5.070905579089823867e-02
2.600000000000000000e+01,1.385640646055101755e+01,8.855472497476346572e-02
2.700000000000000000e+01,1.385640646055101755e+01,-6.142316873889935858e-02
2.800000000000000000e+01,1.385640646055101755e+01,-1.467363895319027667e-01
2.900000000000000000e+01,1.385640646055101755e+01,1.266468116298001823e-01
3.000000000000000000e+01,1.385640646055101755e+01,2.621816945765579332e-01
3.100000000000000000e+01,1.385640646055101755e+01,2.661228506188983989e-02
5.000000000000000000e-01,1.472243186433545681e+01,-6.523766154820170859e-02
1.500000000000000000e+00,1.472243186433545681e+01,2.554232922973336262e-01
2.500000000000000000e+00,1.472243186433545681e+01,-3.084090778931509735e-01
3.500000000000000000e+00,1.472243186433545681e+01,3.834544670569864921e-01
4.500000000000000000e+00,1.472243186433545681e+01,-3.055069739932944062e-01
5.500000000000000000e+00,1.472243186433545681e+01,3.455849025002828423e-01
6.500000000000000000e+00,1.472243186433545681e+01,1.761738570311977004e-02
7.500000000000000000e+00,1.472243186433545681e+01,-1.170945969659279440e-01
8.500000000000000000e+00,1.472243186433545681e+01,3.002172313251959546e-01
9.500000000000000000e+00,1.472243186433545681e+01,2.718232658288755044e-02
1.050000000000000000e+01,1.472243186433545681e+01,-1.796912658961239972e-01
1.150000000000000000e+01,1.472243186433545681e+01,-1.643870202432052841e-01
1.250000000000000000e+01,1.472243186433545681e+01,-2.369883751466017041e-01
1.350000000000000000e+01,1.472243186433545681e+01,-1.013842082179551296e-01
1.450000000000000000e+01,1.472243186433545681e+01,-5.161203895766205418e-01
1.550000000000000000e+01,1.472243186433545681e+01,2.860151650087472408e-02
1.650000000000000000e+01,1.472243186433545681e+01,-1.225038487234888507e-01
1.750000000000000000e+01,1.472243186433545681e+01,-1.861788120574615624e-01
1.850000000000000000e+01,1.472243186433545681e+01,2.083935799517483423e-01
1.950000000000000000e+01,1.472243186433545681e+01,3.850554737581933784e-01
2.050000000000000000e+01,1.472243186433545681e+01,-2.278972589974221363e-01
2.150000000000000000e+01,1.472243186433545681e+01,3.517854026201467921e-01
2.250000000000000000e+01,1.472243186433545681e+01,-1.330838525607285217e-01
2.350000000000000000e+01,1.472243186433545681e+01,-4.227988599464344022e-02
2.450000000000000000e+01,1.472243186433545681e+01,-1.565004129099109020e-01
2.550000000000000000e+01,1.472243186433545681e+01,-2.988687562919533081e-01
2.650000000000000000e+01,1.472243186433545681e+01,-1.536211228561145670e-01
2.750000000000000000e+01,1.472243186433545681e+01,1.827457972668832253e-01
2.850000000000000000e+01,1.472243186433545681e+01,4.580116959263027532e-01
2.950000000000000000e+01,1.472243186433545681e+01,-1.236733123244563859e-01
3.050000000000000000e+01,1.472243186433545681e+01,1.657338443820522977e-01
3.150000000000000000e+01,1.472243186433545681e+01,1.149811131569212774e-01
0.000000000000000000e+00,1.558845726811989429e+01,-3.017367444663486831e-01
1.000000000000000000e+00,1.558845726811989429e+01,2.134937704087030985e-01
2.000000000000000000e+00,1.558845726811989429e+01,-3.758895037428557906e-01
3.000000000000000000e+00,1.558845726811989429e+01,-3.109857027375281247e-01
4.000000000000000000e+00,1.558845726811989429e+01,8.259363910512851348e-03
5.000000000000000000e+00,1.558845726811989429e+01,9.025501619938647302e-03
6.000000000000000000e+00,1.558845726811989429e+01,-9.794652549597027136e-02
7.000000000000000000e+00,1.558845726811989429e+01,-1.146788256838623954e-01
8.000000000000000000e+00,1.558845726811989429e+01,2.997214673167399868e-01
9.000000000000000000e+00,1.558845726811989429e+01,6.677163685978559915e-02
1.000000000000000000e+01,1.558845726811989429e+01,1.502034654059751784e-01
1.100000000000000000e+01,1.558845726811989429e+01,1.232116400119828148e-01
1.200000000000000000e+01,1.558845726811989429e+01,7.576611278250322545e-02
1.300000000000000000e+01,1.558845726811989429e+01,3.085648483447963608e-01
1.400000000000000000e+01,1.558845726811989429e+01,-3.069992584207940634e-01
1.500000000000000000e+01,1.558845726811989429e+01,-1.420255726885902847e-01
1.600000000000000000e+01,1.558845726811989429e+01,2.354548268324849758e-01
1.700000000000000000e+01,1.558845726811989429e+01,-6.766958771451447863e-02
1.800000000000000000e+01,1.558845726811989429e+01,3.692829037865259512e-01
1.900000000000000000e+01,1.558845726811989429e+01,3.793712756672461550e-01
2.000000000000000000e+01,1.558845726811989429e+01,2.189960023050873117e-01
2.100000000000000000e+01,1.558845726811989429e+01,-1.980563910268029471e-02
2.200000000000000000e+01,1.558845726811989429e+01,-9.288375078388677597e-02
2.300000000000000000e+01,1.558845726811989429e+01,4.669678259591947267e-02
2.400000000000000000e+01,1.558845726811989429e+01,1.786075384363943197e-01
2.500000000000000000e+01,1.558845726811989429e+01,5.231017151847482394e-01
2.600000000000000000e+01,1.558845726811989429e+01,2.141989886096096196e-02
2.700000000000000000e+01,1.558845726811989429e+01,3.568880180100827415e-01
2.800000000000000000e+01,1.558845726811989429e+01,4.323575130048079584e-01
2.900000000000000000e+01,1.558845726811989429e+01,-3.203246892253496236e-01
3.000000000000000000e+01,1.558845726811989429e+01,4.367626946117542097e-01
3.100000000000000000e+01,1.558845726811989429e+01,2.734407077476296299e-01
5.000000000000000000e-01,1.645448267190433356e+01,2.575330440106784469e-01
1.500000000000000000e+00,1.645448267190433356e+01,1.341664133149552685e-01
2.500000000000000000e+00,1.645448267190433356e+01,-1.602026272880847091e-01
3.500000000000000000e+00,1.645448267190433356e+01,-1.916874105205991219e-01
4.500000000000000000e+00,1.645448267190433356e+01,-4.740745142289947145e-01
5.500000000000000000e+00,1.645448267190433356e+01,-2.849237736502714946e-01
6.500000000000000000e+00,1.645448267190433356e+01,1.999787708076538051e-01
7.500000000000000000e+00,1.645448267190433356e+01,-3.933729471081182094e-02
8.500000000000000000e+00,1.645448267190433356e+01,2.570440746979446578e-01
9.500000000000000000e+00,1.645448267190433356e+01,5.029096178384878657e-01
1.050000000000000000e+01,1.645448267190433356e+01,-4.256618787870824483e-01
1.150000000000000000e+01,1.645448267190433356e+01,4.254340044111358798e-01
1.250000000000000000e+01,1.645448267190433356e+01,5.016023280039417775e-01
1.350000000000000000e+01,1.645448267190433356e+01,-2.287482732287445808e-01
1.450000000000000000e+01,1.645448267190433356e+01,-3.909674275627395001e-02
1.550000000000000000e+01,1.645448267190433356e+01,5.027122736771993949e-02
1.650000000000000000e+01,1.645448267190433356e+01,1.155905362350234666e-01
1.750000000000000000e+01,1.645448267190433356e+01,-4.161267677111647467e-01
1.850000000000000000e+01,1.645448267190433356e+01,2.845798842036585397e-01
1.950000000000000000e+01,1.645448267190433356e+01,-3.106474399368884809e-01
2.050000000000000000e+01,1.645448267190433356e+01,1.608257387042966169e-02
2.150000000000000000e+01,1.645448267190433356e+01,-3.280116124013032763e-02
2.250000000000000000e+01,1.645448267190433356e+01,4.829224903905238175e-02
2.350000000000000000e+01,1.645448267190433356e+01,3.005580063641483113e-01
2.450000000000000000e+01,1.645448267190433356e+01,1.057812009779210971e-01
2.550000000000000000e+01,1.645448267190433356e+01,2.451994014058048732e-01
2.650000000000000000e+01,1.645448267190433356e+01,-6.730405572149278370e-02
2.750000000000000000e+01,1.645448267190433356e+01,2.755532242863635295e-01
2.850000000000000000e+01,1.645448267190433356e+01,4.330815206300708819e-02
2.950000000000000000e+01,1.645448267190433356e+01,3.488508802633998318e-01
3.050000000000000000e+01,1.645448267190433356e+01,1.721087936784863048e-01
3.150000000000000000e+01,1.645448267190433356e+01,-1.775268423763287085e-01
0.000000000000000000e+00,1.732050807568877104e+01,-2.050720063956795181e-01
1.000000000000000000e+00,1.732050807568877104e+01,3.670892706937056715e-01
2.000000000000000000e+00,1.732050807568877104e+01,-1.391993943887138707e-01
3.000000000000000000e+00,1.732050807568877104e+01,-6.431479768975356670e-02
4.000000000000000000e+00,1.732050807568877104e+01,-4.460875560800837691e-01
5.000000000000000000e+00,1.732050807568877104e+01,4.691571296438645788e-01
6.000000000000000000e+00,1.732050807568877104e+01,4.313822936837693467e-01
7.000000000000000000e+00,1.732050807568877104e+01,-1.318521228132407686e-01
8.000000000000000000e+00,1.732050807568877104e+01,6.153615497790021482e-02
9.000000000000000000e+00,1.732050807568877104e+01,-2.419306715989943957e-02
1.000000000000000000e+01,1.732050807568877104e+01,2.746654887822858049e-01
1.100000000000000000e+01,1.732050807568877104e+01,1.594901627647374864e-01
1.200000000000000000e+01,1.732050807568877104e+01,-3.214991951336133580e-01
1.300000000000000000e+01,1.732050807568877104e+01,-1.437017794083194078e-01
1.400000000000000000e+01,1.732050807568877104e+01,-3.387172449371204097e-01
1.500000000000000000e+01,1.732050807568877104e+01,-3.559034024358037063e-01
1.600000000000000000e+01,1.732050807568877104e+01,3.001954553360269840e-01
1.700000000000000000e+01,1.732050807568877104e+01,-2.302674883419308927e-02
1.800000000000000000e+01,1.732050807568877104e+01,2.255157517715663529e-01
1.900000000000000000e+01,1.732050807568877104e+01,-7.417710258554599534e-02
2.000000000000000000e+01,1.732050807568877104e+01,5.165596899330490155e-01
2.100000000000000000e+01,1.732050807568877104e+01,1.028992068966861906e-01
2.200000000000000000e+01,1.732050807568877104e+01,1.891528036893906917e-01
2.300000000000000000e+01,1.732050807568877104e+01,1.454877902854845306e-02
2.400000000000000000e+01,1.732050807568877104e+01,-3.231755996440083822e-01
2.500000000000000000e+01,1.732050807568877104e+01,-1.331596488873092454e-01
2.600000000000000000e+01,1.732050807568877104e+01,-1.820770396066241359e-01
2.700000000000000000e+01,1.732050807568877104e+01,-1.114143185953775927e-01
2.800000000000000000e+01,1.732050807568877104e+01,2.569995000605647117e-01
2.900000000000000000e+01,1.732050807568877104e+01,2.293661947282602531e-01
3.000000000000000000e+01,1.732050807568877104e+01,2.214843204360494866e-03
3.100000000000000000e+01,1.732050807568877104e+01,-5.741162763291574045e-02
5.000000000000000000e-01,1.818653347947321208e+01,5.359638253871912283e-02
1.500000000000000000e+00,1.818653347947321208e+01,2.488418319145647706e-01
2.500000000000000000e+00,1.818653347947321208e+01,-2.207454307040174757e-01
3.500000000000000000e+00,1.818653347947321208e+01,9.258099703858824192e-03
4.500000000000000000e+00,1.818653347947321208e+01,-9.165428033345301984e-03
5.500000000000000000e+00,1.818653347947321208e+01,-2.301607638321264693e-01
6.500000000000000000e+00,1.818653347947321208e+01,3.198055369824642780e-01
7.500000000000000000e+00,1.818653347947321208e+01,-4.546729412051470076e-01
8.500000000000000000e+00,1.818653347947321208e+01,7.681101232642928434e-02
9.500000000000000000e+00,1.818653347947321208e+01,-2.965657318143069543e-01
1.050000000000000000e+01,1.818653347947321208e+01,2.582080939958882881e-01
1.150000000000000000e+01,1.818653347947321208e+01,1.734986846541085592e-01
1.250000000000000000e+01,1.818653347947321208e+01,4.574921066514836543e-01
1.350000000000000000e+01,1.818653347947321208e+01,3.187808324192308307e-01
1.450000000000000000e+01,1.818653347947321208e+01,-1.340882768412002268e-01
1.550000000000000000e+01,1.818653347947321208e+01,3.315281415213016114e-01
1.650000000000000000e+01,1.818653347947321208e+01,1.274761373948585241e-02
1.750000000000000000e+01,1.818653347947321208e+01,2.597577931538814777e-01
1.850000000000000000e+01,1.818653347947321208e+01,-4.799723405982104785e-01
1.950000000000000000e+01,1.818653347947321208e+01,-3.570145878493197200e-01
2.050000000000000000e+01,1.818653347947321208e+01,3.585446611468463551e-01
2.150000000000000000e+01,1.818653347947321208e+01,1.720979766242251019e-01
2.250000000000000000e+01,1.818653347947321208e+01,-4.248248794555120611e-02
2.350000000000000000e+01,1.818653347947321208e+01,1.140229305869382426e-01
2.450000000000000000e+01,1.818653347947321208e+01,2.307812840489015249e-01
2.550000000000000000e+01,1.818653347947321208e+01,1.650915059766173698e-01
2.650000000000000000e+01,1.818653347947321208e+01,-3.767712797076583353e-02
2.750000000000000000e+01,1.818653347947321208e+01,-2.991406298132637254e-02
2.850000000000000000e+01,1.818653347947321208e+01,3.110980936682531395e-01
2.950000000000000000e+01,1.818653347947321208e+01,-3.645103064752737154e-01
3.050000000000000000e+01,1.818653347947321208e+01,-1.640659669590449621e-02
3.150000000000000000e+01,1.818653347947321208e+01,-1.109079695471421045e-01
0.000000000000000000e+00,1.905255888325764957e+01,-1.864252133954895640e-01
1.000000000000000000e+00,1.905255888325764957e+01,5.689412818729489008e-02
2.000000000000000000e+00,1.905255888325764957e+01,-4.633531467874857923e-01
3.000000000000000000e+00,1.905255888325764957e+01,-1.115085071684622231e-01
4.000000000000000000e+00,1.905255888325764957e+01,2.309310597708098545e-01
5.000000000000000000e+00,1.905255888325764957e+01,1.636616638419322589e-01
6.000000000000000000e+00,1.905255888325764957e+01,-1.291532228337483046e-01
7.000000000000000000e+00,1.905255888325764957e+01,9.436324894534386942e-02
8.000000000000000000e+00,1.905255888325764957e+01,1.684221772764121772e-01
9.000000000000000000e+00,1.905255888325764957e+01,-2.383378629721502606e-01
1.000000000000000000e+01,1.905255888325764957e+01,-1.676924250393442284e-01
1.100000000000000000e+01,1.905255888325764957e+01,3.209184770939160769e-01
1.200000000000000000e+01,1.905255888325764957e+01,1.014681955484081355e-01
1.300000000000000000e+01,1.905255888325764957e+01,-4.531606253043654609e-01
1.400000000000000000e+01,1.905255888325764957e+01,4.821266256183620591e-03
1.500000000000000000e+01,1.905255888325764957e+01,-8.093318273080951641e-02
1.600000000000000000e+01,1.905255888325764957e+01,-2.644811868802129373e-01
1.700000000000000000e+01,1.905255888325764957e+01,-2.592488625444606121e-01
1.800000000000000000e+01,1.905255888325764957e+01,-9.206640115742203978e-02
1.900000000000000000e+01,1.905255888325764957e+01,5.213707226342442214e-01
2.000000000000000000e+01,1.905255888325764957e+01,-9.538277774978165535e-02
2.100000000000000000e+01,1.905255888325764957e+01,2.367780415233978752e-01
2.200000000000000000e+01,1.905255888325764957e+01,1.041770969234634414e-02
2.300000000000000000e+01,1.905255888325764957e+01,-9.610742631760899046e-02
2.400000000000000000e+01,1.905255888325764957e+01,3.991513200090427427e-01
2.500000000000000000e+01,1.905255888325764957e+01,-1.218959293062656379e-01
2.600000000000000000e+01,1.905255888325764957e+01,-2.849222754278771808e-01
2.700000000000000000e+01,1.905255888325764957e+01,-4.887910644745819821e-01
2.800000000000000000e+01,1.905255888325764957e+01,3.327808827955935911e-02
2.900000000000000000e+01,1.905255888325764957e+01,4.158438095426160164e-01
3.000000000000000000e+01,1.905255888325764957e+01,-1.795761839229407797e-01
3.100000000000000000e+01,1.905255888325764957e+01,6.830221431411387378e-02
5.000000000000000000e-01,1.991858428704208706e+01,-8.879289197338602335e-03
1.500000000000000000e+00,1.991858428704208706e+01,-4.734107556002452588e-01
2.500000000000000000e+00,1.991858428704208706e+01,8.194260746683090790e-02
3.500000000000000000e+00,1.991858428704208706e+01,4.201043227639527089e-01
4.500000000000000000e+00,1.991858428704208706e+01,4.151959156907354398e-01
5.500000000000000000e+00,1.991858428704208706e+01,-4.175676889120544244e-02
6.500000000000000000e+00,1.991858428704208706e+01,-5.209973638965839093e-01
7.500000000000000000e+00,1.991858428704208706e+01,-2.099575954070840300e-01
8.500000000000000000e+00,1.991858428704208706e+01,1.795688784746651834e-01
9.500000000000000000e+00,1.991858428704208706e+01,-4.395591206922405680e-01
1.050000000000000000e+01,1.991858428704208706e+01,-4.839133389045403577e-01
1.150000000000000000e+01,1.991858428704208706e+01,-1.575747378611582761e-01
1.250000000000000000e+01,1.991858428704208706e+01,4.346022314696218469e-01
1.350000000000000000e+01,1.991858428704208706e+01,-1.639234255395587425e-01
1.450000000000000000e+01,1.991858428704208706e+01,9.706660011855505754e-02
1.550000000000000000e+01,1.991858428704208706e+01,1.812270917457031727e-01
1.650000000000000000e+01,1.991858428704208706e+01,-1.089531714465408196e-02
1.750000000000000000e+01,1.991858428704208706e+01,3.865385334556780128e-01
1.850000000000000000e+01,1.991858428704208706e+01,-1.059955541730275286e-01
1.950000000000000000e+01,1.991858428704208706e+01,1.094963326703378703e-01
2.050000000000000000e+01,1.991858428704208706e+01,-2.362516567023006386e-01
2.150000000000000000e+01,1.991858428704208706e+01,1.682095150803077921e-01
2.250000000000000000e+01,1.991858428704208706e+01,-4.256326624185427510e-01
2.350000000000000000e+01,1.991858428704208706e+01,-4.915641293405127454e-01
2.450000000000000000e+01,1.991858428704208706e+01,-1.542644328073206617e-01
2.550000000000000000e+01,1.991858428704208706e+01,-3.726193610803879008e-01
2.650000000000000000e+01,1.991858428704208706e+01,4.098302084706246795e-01
2.750000000000000000e+01,1.991858428704208706e+01,4.248547092518044632e-01
2.850000000000000000e+01,1.991858428704208706e+01,4.576383756276813930e-02
2.950000000000000000e+01,1.991858428704208706e+01,3.645716845657993588e-01
3.050000000000000000e+01,1.991858428704208706e+01,1.895573014445688376e-01
3.150000000000000000e+01,1.991858428704208706e+01,-1.708424283742983052e-01
0.000000000000000000e+00,2.078460969082652809e+01,-7.263846251949690469e-02
1.000000000000000000e+00,2.078460969082652809e+01,-1.152020347055738303e-01
2.000000000000000000e+00,2.078460969082652809e+01,-1.755169225195948313e-01
3.000000000000000000e+00,2.078460969082652809e+01,-1.591200409094468138e-01
4.000000000000000000e+00,2.078460969082652809e+01,-1.827327864739564656e-01
5.000000000000000000e+00,2.078460969082652809e+01,3.355269228293173978e-01
6.000000000000000000e+00,2.078460969082652809e+01,-2.512076541262404650e-01
7.000000000000000000e+00,2.078460969082652809e+01,5.197271702946312244e-01
8.000000000000000000e+00,2.078460969082652809e+01,7.582071412572755076e-02
9.000000000000000000e+00,2.078460969082652809e+01,-7.433253852810350892e-03
1.000000000000000000e+01,2.078460969082652809e+01,1.097574988879336244e-01
1.100000000000000000e+01,2.078460969082652809e+01,2.258390574067395962e-01
1.200000000000000000e+01,2.078460969082652809e+01,-4.371758328733709176e-01
1.300000000000000000e+01,2.078460969082652809e+01,-3.861828338489729506e-01
1.400000000000000000e+01,2.078460969082652809e+01,-8.115197142135488484e-03
1.500000000000000000e+01,2.078460969082652809e+01,-1.374610751796833119e-01
1.600000000000000000e+01,2.078460969082652809e+01,1.057502423066825070e-01
1.700000000000000000e+01,2.078460969082652809e+01,-7.572333550692939008e-02
1.800000000000000000e+01,2.078460969082652809e+01,1.418925833622042276e-02
1.900000000000000000e+01,2.078460969082652809e+01,4.079552413443440217e-01
2.000000000000000000e+01,2.078460969082652809e+01,2.348477778098724267e-01
2.100000000000000000e+01,2.078460969082652809e+01,-2.706153129364592957e-01
2.200000000000000000e+01,2.078460969082652809e+01,2.876796088977195964e-02
2.300000000000000000e+01,2.078460969082652809e+01,3.043325501594426052e-01
2.400000000000000000e+01,2.078460969082652809e+01,1.959520994683977557e-01
2.500000000000000000e+01,2.078460969082652809e+01,-2.898326888232396481e-01
2.600000000000000000e+01,2.078460969082652809e+01,-1.045424694464518467e-01
2.700000000000000000e+01,2.078460969082652809e+01,-4.970375510787640727e-01
2.800000000000000000e+01,2.078460969082652809e+01,2.705362393752893668e-01
2.900000000000000000e+01,2.078460969082652809e+01,1.090671433301149129e-02
3.000000000000000000e+01,2.078460969082652809e+01,-2.958517979940374909e-01
3.100000000000000000e+01,2.078460969082652809e+01,2.389821617194254344e-02
5.000000000000000000e-01,2.165063509461096558e+01,2.923502023688340223e-02
1.500000000000000000e+00,2.165063509461096558e+01,-3.484284723737930412e-01
2.500000000000000000e+00,2.165063509461096558e+01,-4.623248463706706168e-01
3.500000000000000000e+00,2.165063509461096558e+01,-2.296167405049945875e-01
4.500000000000000000e+00,2.165063509461096558e+01,9.001638077245033287e-02
5.500000000000000000e+00,2.165063509461096558e+01,-1.768451670925266228e-01
6.500000000000000000e+00,2.165063509461096558e+01,1.413155242793863176e-01
7.500000000000000000e+00,2.165063509461096558e+01,-2.070139863583376760e-01
8.500000000000000000e+00,2.165063509461096558e+01,-3.707158087886662790e-01
9.500000000000000000e+00,2.165063509461096558e+01,-1.650908916735154830e-01
1.050000000000000000e+01,2.165063509461096558e+01,-1.401546447326218470e-01
1.150000000000000000e+01,2.165063509461096558e+01,-1.465065872206795516e-01
1.250000000000000000e+01,2.165063509461096558e+01,-1.860107962514478963e-02
1.350000000000000000e+01,2.165063509461096558e+01,-1.275550684909352861e-01
1.450000000000000000e+01,2.165063509461096558e+01,4.582715175383178519e-02
1.550000000000000000e+01,2.165063509461096558e+01,3.510123743026514198e-01
1.650000000000000000e+01,2.165063509461096558e+01,3.015134976701684399e-01
1.750000000000000000e+01,2.165063509461096558e+01,1.798979549400604450e-01
1.850000000000000000e+01,2.165063509461096558e+01,-4.333438394242117297e-01
1.950000000000000000e+01,2.165063509461096558e+01,-3.183794987648128627e-01
2.050000000000000000e+01,2.165063509461096558e+01,-3.928251716053827725e-01
2.150000000000000000e+01,2.165063509461096558e+01,-9.767517144242010563e-02
2.250000000000000000e+01,2.165063509461096558e+01,-8.306563484336004777e-04
2.350000000000000000e+01,2.165063509461096558e+01,-1.058176177869185608e-03
2.450000000000000000e+01,2.165063509461096558e+01,-1.257350381012298235e-01
2.550000000000000000e+01,2.165063509461096558e+01,3.606722449674816255e-01
2.650000000000000000e+01,2.165063509461096558e+01,-2.002783739104197491e-01
2.750000000000000000e+01,2.165063509461096558e+01,-2.457360249606139746e-01
2.850000000000000000e+01,2.165063509461096558e+01,5.225381487971211270e-01
2.950000000000000000e+01,2.165063509461096558e+01,-2.595441729802869801e-01
3.050000000000000000e+01,2.165063509461096558e+01,-2.260364614566832686e-01
3.150000000000000000e+01,2.165063509461096558e+01,-8.028541900062513559e-02
0.000000000000000000e+00,2.251666049839540307e+01,-1.261450630692312336e-01
1.000000000000000000e+00,2.251666049839540307e+01,2.117533150332643332e-01
2.000000000000000000e+00,2.251666049839540307e+01,3.974381659811776490e-02
3.000000000000000000e+00,2.251666049839540307e+01,8.445228275898186698e-02
4.000000000000000000e+00,2.251666049839540307e+01,-1.708947292698529963e-01
5.000000000000000000e+00,2.251666049839540307e+01,1.440364691527169505e-01
6.000000000000000000e+00,2.251666049839540307e+01,1.764434677854805900e-01
7.000000000000000000e+00,2.251666049839540307e+01,-6.171831862808452307e-03
8.000000000000000000e+00,2.251666049839540307e+01,2.961517821483398150e-01
9.000000000000000000e+00,2.251666049839540307e+01,2.482799721035889862e-01
1.000000000000000000e+01,2.251666049839540307e+01,1.859229020596703252e-01
1.100000000000000000e+01,2.251666049839540307e+01,4.694724523107612901e-01
1.200000000000000000e+01,2.251666049839540307e+01,-1.057253843032160412e-01
1.300000000000000000e+01,2.251666049839540307e+01,-6.420585541423762255e-02
1.400000000000000000e+01,2.251666049839540307e+01,5.096696981977374419e-01
1.500000000000000000e+01,2.251666049839540307e+01,2.966868720148273519e-01
1.600000000000000000e+01,2.251666049839540307e+01,-2.527993190071858298e-01
1.700000000000000000e+01,2.251666049839540307e+01,2.149223465977697645e-01
1.800000000000000000e+01,2.251666049839540307e+01,9.593443488886843618e-02
1.900000000000000000e+01,2.251666049839540307e+01,3.593973678618070933e-01
2.000000000000000000e+01,2.251666049839540307e+01,4.567285546103924121e-01
2.100000000000000000e+01,2.251666049839540307e+01,4.726859324942322971e-03
2.200000000000000000e+01,2.251666049839540307e+01,-1.554836456638555853e-01
2.300000000000000000e+01,2.251666049839540307e+01,-7.065620359858298949e-02
2.400000000000000000e+01,2.251666049839540307e+01,-2.182628460232086676e-01
2.500000000000000000e+01,2.251666049839540307e+01,-4.168387571293257210e-01
2.600000000000000000e+01,2.251666049839540307e+01,-4.629884933048366014e-01
2.700000000000000000e+01,2.251666049839540307e+01,-4.071370183573064239e-01
2.800000000000000000e+01,2.251666049839540307e+01,-1.762529367111899670e-01
2.900000000000000000e+01,2.251666049839540307e+01,2.387094404226464128e-03
3.000000000000000000e+01,2.251666049839540307e+01,7.569520913656702099e-03
3.100000000000000000e+01,2.251666049839540307e+01,1.447189168077318566e-01
5.000000000000000000e-01,2.338268590217984055e+01,-3.044898734780482341e-02
1.500000000000000000e+00,2.338268590217984055e+01,-3.551417198703833433e-01
2.500000000000000000e+00,2.338268590217984055e+01,-9.095944048701742890e-02
3.500000000000000000e+00,2.338268590217984055e+01,3.900369387742357308e-01
4.500000000000000000e+00,2.338268590217984055e+01,-2.255541430273085846e-01
5.500000000000000000e+00,2.338268590217984055e+01,7.489897213897389605e-02
6.500000000000000000e+00,2.338268590217984055e+01,-1.496836956114155903e-02
7.500000000000000000e+00,2.338268590217984055e+01,4.684958149697503460e-01
8.500000000000000000e+00,2.338268590217984055e+01,5.797003394409927512e-02
9.500000000000000000e+00,2.338268590217984055e+01,1.227317314302034390e-03
1.050000000000000000e+01,2.338268590217984055e+01,1.456806753969696056e-01
1.150000000000000000e+01,2.338268590217984055e+01,9.719486506421237682e-02
1.250000000000000000e+01,2.338268590217984055e+01,-3.267645322793411022e-01
1.350000000000000000e+01,2.338268590217984055e+01,-2.323597046531783450e-01
1.450000000000000000e+01,2.338268590217984055e+01,-1.406643397635600756e-01
1.550000000000000000e+01,2.338268590217984055e+01,2.161280324313122891e-01
1.650000000000000000e+01,2.338268590217984055e+01,2.623488230369056540e-01
1.750000000000000000e+01,2.338268590217984055e+01,-3.447427758924240804e-01
1.850000000000000000e+01,2.338268590217984055e+01,-6.371868644586720087e-03
1.950000000000000000e+01,2.338268590217984055e+01,2.508095170305253419e-01
2.050000000000000000e+01,2.338268590217984055e+01,5.231314760206765557e-01
2.150000000000000000e+01,2.338268590217984055e+01,1.542795030423482761e-02
2.250000000000000000e+01,2.338268590217984055e+01,-3.237118473323248868e-01
2.350000000000000000e+01,2.338268590217984055e+01,-1.672679901148737547e-01
2.450000000000000000e+01,2.338268590217984055e+01,-4.972195908268755571e-01
2.550000000000000000e+01,2.338268590217984055e+01,-2.004584244955160965e-01
2.650000000000000000e+01,2.338268590217984055e+01,3.663945840004384502e-01
2.750000000000000000e+01,2.338268590217984055e+01,-1.624494953663668806e-02
2.850000000000000000e+01,2.338268590217984055e+01,-1.131991923483731677e-01
2.950000000000000000e+01,2.338268590217984055e+01,7.273146996203549985e-02
3.050000000000000000e+01,2.338268590217984055e+01,-2.450610655733245768e-01
3.150000000000000000e+01,2.338268590217984055e+01,-3.462028462501177684e-01
0.000000000000000000e+00,2.424871130596428159e+01,4.662315151656184486e-01
1.000000000000000000e+00,2.424871130596428159e+01,6.353509156221270882e-02
2.000000000000000000e+00,2.424871130596428159e+01,-2.307580312436142700e-01
3.000000000000000000e+00,2.424871130596428159e+01,-4.760535693967652970e-01
4.000000000000000000e+00,2.424871130596428159e+01,3.395317687986275645e-01
5.000000000000000000e+00,2.424871130596428159e+01,-2.156735704902491557e-01
6.000000000000000000e+00,2.424871130596428159e+01,-2.449365424269703828e-01
7.000000000000000000e+00,2.424871130596428159e+01,-4.203609222672650692e-01
8.000000000000000000e+00,2.424871130596428159e+01,3.538884198824742144e-01
9.000000000000000000e+00,2.424871130596428159e+01,-3.749343852765398832e-01
1.000000000000000000e+01,2.424871130596428159e+01,4.256605174772221112e-03
1.100000000000000000e+01,2.424871130596428159e+01,2.246026018150718562e-01
1.200000000000000000e+01,2.424871130596428159e+01,2.913473912520914144e-02
1.300000000000000000e+01,2.424871130596428159e+01,3.505585957116409412e-01
1.400000000000000000e+01,2.424871130596428159e+01,9.920511216258121046e-02
1.500000000000000000e+01,2.424871130596428159e+01,4.420343511761560817e-01
1.600000000000000000e+01,2.424871130596428159e+01,1.700693543911790950e-02
1.700000000000000000e+01,2.424871130596428159e+01,3.808750364672438549e-01
1.800000000000000000e+01,2.424871130596428159e+01,4.320932341324958958e-01
1.900000000000000000e+01,2.424871130596428159e+01,1.347890278148311527e-02
2.000000000000000000e+01,2.424871130596428159e+01,-2.702482830451127804e-01
2.100000000000000000e+01,2.424871130596428159e+01,-4.159611189191804170e-01
2.200000000000000000e+01,2.424871130596428159e+01,1.747982241573438067e-01
2.300000000000000000e+01,2.424871130596428159e+01,1.077774363373361632e-01
2.400000000000000000e+01,2.424871130596428159e+01,1.430573106468513433e-01
2.500000000000000000e+01,2.424871130596428159e+01,1.152456206877179312e-01
2.600000000000000000e+01,2.424871130596428159e+01,-2.009109411863682082e-01
2.700000000000000000e+01,2.424871130596428159e+01,3.768513269527327125e-01
2.800000000000000000e+01,2.424871130596428159e+01,3.515308054680992278e-01
2.900000000000000000e+01,2.424871130596428159e+01,-2.712474497661335748e-01
3.000000000000000000e+01,2.424871130596428159e+01,-9.656271607684008274e-03
3.100000000000000000e+01,2.424871130596428159e+01,-2.981187948753668548e-01
5.000000000000000000e-01,2.511473670974871908e+01,3.113365683473702239e-01
1.500000000000000000e+00,2.511473670974871908e+01,-3.999968871676596871e-01
2.500000000000000000e+00,2.511473670974871908e+01,-1.848869604636514952e-01
3.500000000000000000e+00,2.511473670974871908e+01,1.364802317284873334e-01
4.500000000000000000e+00,2.511473670974871908e+01,-1.520087845149753480e-02
5.500000000000000000e+00,2.511473670974871908e+01,1.009004012950979190e-01
6.500000000000000000e+00,2.511473670974871908e+01,-4.135945907152714929e-01
7.500000000000000000e+00,2.511473670974871908e+01,-3.323538214951832770e-01
8.500000000000000000e+00,2.511473670974871908e+01,-6.446857497646146795e-02
9.500000000000000000e+00,2.511473670974871908e+01,1.791537855386027278e-01
1.050000000000000000e+01,2.511473670974871908e+01,-2.474702283015300375e-01
1.150000000000000000e+01,2.511473670974871908e+01,-1.423839401771086477e-01
1.250000000000000000e+01,2.511473670974871908e+01,-9.311373330371380819e-02
1.350000000000000000e+01,2.511473670974871908e+01,-1.833010965806816106e-01
1.450000000000000000e+01,2.511473670974871908e+01,1.904573558656773580e-01
1.550000000000000000e+01,2.511473670974871908e+01,5.088221641336024836e-01
1.650000000000000000e+01,2.511473670974871908e+01,-1.408244520158434265e-01
1.750000000000000000e+01,2.511473670974871908e+01,1.291086237814497162e-01
1.850000000000000000e+01,2.511473670974871908e+01,3.376387127513724717e-02
1.950000000000000000e+01,2.511473670974871908e+01,5.757355929737595357e-02
2.050000000000000000e+01,2.511473670974871908e+01,1.003389865561293837e-01
2.150000000000000000e+01,2.511473670974871908e+01,-2.750233811546027307e-01
2.250000000000000000e+01,2.511473670974871908e+01,2.625832660369364913e-02
2.350000000000000000e+01,2.511473670974871908e+01,-2.550185466064179840e-01
2.450000000000000000e+01,2.511473670974871908e+01,2.389034011893683696e-01
2.550000000000000000e+01,2.511473670974871908e+01,6.855544478841579803e-02
2.650000000000000000e+01,2.511473670974871908e+01,-1.256327674564534647e-01
2.750000000000000000e+01,2.511473670974871908e+01,-4.222156912454750333e-01
2.850000000000000000e+01,2.511473670974871908e+01,-3.364655285830026044e-02
2.950000000000000000e+01,2.511473670974871908e+01,-2.407584485571634958e-01
3.050000000000000000e+01,2.511473670974871908e+01,1.101896496378109713e-01
3.150000000000000000e+01,2.511473670974871908e+01,5.911246282936222229e-02
0.000000000000000000e+00,2.598076211353315657e+01,1.865843935457949243e-01
1.000000000000000000e+00,2.598076211353315657e+01,2.242511124017769752e-01
2.000000000000000000e+00,2.598076211353315657e+01,4.787379213968591118e-01
3.000000000000000000e+00,2.598076211353315657e+01,1.816539287978025108e-02
4.000000000000000000e+00,2.598076211353315657e+01,4.199600681183052187e-01
5.000000000000000000e+00,2.598076211353315657e+01,-4.175029118540474204e-02
6.000000000000000000e+00,2.598076211353315657e+01,-4.219005403897346240e-01
7.000000000000000000e+00,2.598076211353315657e+01,1.841318540942925575e-01
8.000000000000000000e+00,2.598076211353315657e+01,-3.068760035589140900e-01
9.000000000000000000e+00,2.598076211353315657e+01,-3.456176016911668425e-01
1.000000000000000000e+01,2.598076211353315657e+01,2.809066657316841020e-01
1.100000000000000000e+01,2.598076211353315657e+01,1.932944116675539004e-02
1.200000000000000000e+01,2.598076211353315657e+01,8.756184354413620863e-02
1.300000000000000000e+01,2.598076211353315657e+01,-1.136464083207665010e-01
1.400000000000000000e+01,2.598076211353315657e+01,-3.874492248881106771e-01
1.500000000000000000e+01,2.598076211353315657e+01,1.514197476572907153e-01
1.600000000000000000e+01,2.598076211353315657e+01,-1.471499047351157996e-01
1.700000000000000000e+01,2.598076211353315657e+01,-1.428440154372001003e-01
1.800000000000000000e+01,2.598076211353315657e+01,4.667065966064923854e-01
1.900000000000000000e+01,2.598076211353315657e+01,-9.334742604282197931e-02
2.000000000000000000e+01,2.598076211353315657e+01,-5.953450078332817030e-02
2.100000000000000000e+01,2.598076211353315657e+01,1.650272827059506842e-01
2.200000000000000000e+01,2.598076211353315657e+01,-5.018027948244155878e-01
2.300000000000000000e+01,2.598076211353315657e+01,-5.080538239691445579e-02
2.400000000000000000e+01,2.598076211353315657e+01,-2.639530451425581292e-02
2.500000000000000000e+01,2.598076211353315657e+01,-4.125416160038305469e-01
2.600000000000000000e+01,2.598076211353315657e+01,-1.962437420476474959e-01
2.700000000000000000e+01,2.598076211353315657e+01,3.329420400555386239e-01
2.800000000000000000e+01,2.598076211353315657e+01,8.294701233247825378e-03
2.900000000000000000e+01,2.598076211353315657e+01,-8.435611216467048257e-02
3.000000000000000000e+01,2.598076211353315657e+01,8.671144089346338735e-02
3.100000000000000000e+01,2.598076211353315657e+01,3.491063834676200184e-02
5.000000000000000000e-01,2.684678751731759760e+01,-1.868539515238296644e-01
1.500000000000000000e+00,2.684678751731759760e+01,4.678049668132056027e-02
2.500000000000000000e+00,2.684678751731759760e+01,3.222729670475306119e-01
3.500000000000000000e+00,2.684678751731759760e+01,-2.607902696248095564e-01
4.500000000000000000e+00,2.684678751731759760e+01,1.877968341881645076e-01
5.500000000000000000e+00,2.684678751731759760e+01,-3.878249675892020409e-02
6.500000000000000000e+00,2.684678751731759760e+01,1.887038165181046390e-01
7.500000000000000000e+00,2.684678751731759760e+01,1.867091073153757108e-01
8.500000000000000000e+00,2.684678751731759760e+01,4.030232598228015162e-01
9.500000000000000000e+00,2.684678751731759760e+01,2.238899998472853037e-01
1.050000000000000000e+01,2.684678751731759760e+01,3.486498450208721511e-01
1.150000000000000000e+01,2.684678751731759760e+01,3.643623452888224978e-01
1.250000000000000000e+01,2.684678751731759760e+01,-3.386903854818353321e-01
1.350000000000000000e+01,2.684678751731759760e+01,1.659402376348662056e-02
1.450000000000000000e+01,2.684678751731759760e+01,2.233231091552069225e-01
1.550000000000000000e+01,2.684678751731759760e+01,3.222378286648884815e-01
1.650000000000000000e+01,2.684678751731759760e+01,-2.163601235545859480e-01
1.750000000000000000e+01,2.684678751731759760e+01,-2.289993668636813862e-02
1.850000000000000000e+01,2.684678751731759760e+01,1.884457195799871254e-02
1.950000000000000000e+01,2.684678751731759760e+01,-1.877488706738081325e-01
2.050000000000000000e+01,2.684678751731759760e+01,6.433078269637493296e-02
2.150000000000000000e+01,2.684678751731759760e+01,-1.617818001529836014e-02
2.250000000000000000e+01,2.684678751731759760e+01,3.654559173773201941e-01
2.350000000000000000e+01,2.684678751731759760e+01,1.396707237606844565e-01
2.450000000000000000e+01,2.684678751731759760e+01,9.234328920642409511e-02
2.550000000000000000e+01,2.684678751731759760e+01,6.967203438118618752e-02
2.650000000000000000e+01,2.684678751731759760e+01,-3.876825911925753654e-01
2.750000000000000000e+01,2.684678751731759760e+01,2.020836177005558287e-02
2.850000000000000000e+01,2.684678751731759760e+01,1.122115856787783139e-01
2.950000000000000000e+01,2.684678751731759760e+01,3.402270286715416425e-01
3.050000000000000000e+01,2.684678751731759760e+01,-9.459197306226269086e-02
3.150000000000000000e+01,2.684678751731759760e+01,3.786807409683716763e-01
